0.003942
0.000028
0.000000
0.000000
0.000000
0.000000
0.000000
0.000000
0.000000
0.000000
0.000000
0.000000
0.000000
0.000000
0.000000
0.000000
0.000000
0.000000
0.000000
0.000000
0.000000
0.000000
0.000000
0.000000
0.000000
0.000000
0.000000
0.000000
0.000000
0.000000
0.000000
0.000000
0.000000
0.000000
0.000000
0.000000
0.000000
0.000000
0.000000
0.000000
0.000000
0.000000
0.000000
0.000000
0.000000
0.000000
0.000000
0.000000
0.000000
0.000000
0.000000
0.000000
0.000000
0.000000
0.000000
0.000000
0.000000
0.000000
0.000000
0.000000
0.000000
0.000000
0.000000
0.000000
0.000000
0.000000
0.000000
0.000000
0.000000
0.000000
0.000000
0.000000
0.000000
0.000000
0.000000
0.000000
0.000000
0.000000
0.000000
0.000000
0.000000
0.000000
0.000000
0.000000
0.000000
0.000000
0.000000
0.000000
0.000000
0.000000
0.000000
0.000000
0.000000
0.000000
0.000000
0.000000
0.000000
0.000000
0.000000
0.000000
0.025776
0.007037
0.000091
0.000000
0.000000
0.000000
0.000000
0.000000
0.000000
0.000000
0.000000
0.000000
0.000000
0.000000
0.000000
0.000000
0.000000
0.000000
0.000000
0.000000
0.000000
0.000000
0.000000
0.000000
0.000000
0.000000
0.000000
0.000000
0.000000
0.000000
0.000000
0.000000
0.000000
0.000000
0.000000
0.000000
0.000000
0.000000
0.000000
0.000000
0.000000
0.000000
0.000000
0.000000
0.000000
0.000000
0.000000
0.000000
0.000000
0.000000
0.000000
0.000000
0.000000
0.000000
0.000000
0.000000
0.000000
0.000000
0.000000
0.000000
0.000000
0.000000
0.000000
0.000000
0.000000
0.000000
0.000000
0.000000
0.000000
0.000000
0.000000
0.000000
0.000000
0.000000
0.000000
0.000000
0.000000
0.000000
0.000000
0.000000
0.000000
0.000000
0.000000
0.000000
0.000000
0.000000
0.000000
0.000000
0.000000
0.000000
0.000000
0.000000
0.000000
0.000000
0.000000
0.000000
0.000000
0.000000
0.000000
0.000000
0.033647
0.036636
0.011592
0.000261
0.000000
0.000000
0.000000
0.000000
0.000000
0.000000
0.000000
0.000000
0.000000
0.000000
0.000000
0.000000
0.000000
0.000000
0.000000
0.000000
0.000000
0.000000
0.000000
0.000000
0.000000
0.000000
0.000000
0.000000
0.000000
0.000000
0.000000
0.000000
0.000000
0.000000
0.000000
0.000000
0.000000
0.000000
0.000000
0.000000
0.000000
0.000000
0.000000
0.000000
0.000000
0.000000
0.000000
0.000000
0.000000
0.000000
0.000000
0.000000
0.000000
0.000000
0.000000
0.000000
0.000000
0.000000
0.000000
0.000000
0.000000
0.000000
0.000000
0.000000
0.000000
0.000000
0.000000
0.000000
0.000000
0.000000
0.000000
0.000000
0.000000
0.000000
0.000000
0.000000
0.000000
0.000000
0.000000
0.000000
0.000000
0.000000
0.000000
0.000000
0.000000
0.000000
0.000000
0.000000
0.000000
0.000000
0.000000
0.000000
0.000000
0.000000
0.000000
0.000000
0.000000
0.000000
0.000000
0.000000
0.026251
0.045662
0.047908
0.017546
0.000649
0.000000
0.000000
0.000000
0.000000
0.000000
0.000000
0.000000
0.000000
0.000000
0.000000
0.000000
0.000000
0.000000
0.000000
0.000000
0.000000
0.000000
0.000000
0.000000
0.000000
0.000000
0.000000
0.000000
0.000000
0.000000
0.000000
0.000000
0.000000
0.000000
0.000000
0.000000
0.000000
0.000000
0.000000
0.000000
0.000000
0.000000
0.000000
0.000000
0.000000
0.000000
0.000000
0.000000
0.000000
0.000000
0.000000
0.000000
0.000000
0.000000
0.000000
0.000000
0.000000
0.000000
0.000000
0.000000
0.000000
0.000000
0.000000
0.000000
0.000000
0.000000
0.000000
0.000000
0.000000
0.000000
0.000000
0.000000
0.000000
0.000000
0.000000
0.000000
0.000000
0.000000
0.000000
0.000000
0.000000
0.000000
0.000000
0.000000
0.000000
0.000000
0.000000
0.000000
0.000000
0.000000
0.000000
0.000000
0.000000
0.000000
0.000000
0.000000
0.000000
0.000000
0.000000
0.000000
0.018519
0.036223
0.056735
0.059027
0.024755
0.001415
0.000002
0.000000
0.000000
0.000000
0.000000
0.000000
0.000000
0.000000
0.000000
0.000000
0.000000
0.000000
0.000000
0.000000
0.000000
0.000000
0.000000
0.000000
0.000000
0.000000
0.000000
0.000000
0.000000
0.000000
0.000000
0.000000
0.000000
0.000000
0.000000
0.000000
0.000000
0.000000
0.000000
0.000000
0.000000
0.000000
0.000000
0.000000
0.000000
0.000000
0.000000
0.000000
0.000000
0.000000
0.000000
0.000000
0.000000
0.000000
0.000000
0.000000
0.000000
0.000000
0.000000
0.000000
0.000000
0.000000
0.000000
0.000000
0.000000
0.000000
0.000000
0.000000
0.000000
0.000000
0.000000
0.000000
0.000000
0.000000
0.000000
0.000000
0.000000
0.000000
0.000000
0.000000
0.000000
0.000000
0.000000
0.000000
0.000000
0.000000
0.000000
0.000000
0.000000
0.000000
0.000000
0.000000
0.000000
0.000000
0.000000
0.000000
0.000000
0.000000
0.000000
0.000000
0.012490
0.025868
0.045459
0.066724
0.069712
0.032980
0.002520
0.000004
0.000000
0.000000
0.000000
0.000000
0.000000
0.000000
0.000000
0.000000
0.000000
0.000000
0.000000
0.000000
0.000000
0.000000
0.000000
0.000000
0.000000
0.000000
0.000000
0.000000
0.000000
0.000000
0.000000
0.000000
0.000000
0.000000
0.000000
0.000000
0.000000
0.000000
0.000000
0.000000
0.000000
0.000000
0.000000
0.000000
0.000000
0.000000
0.000000
0.000000
0.000000
0.000000
0.000000
0.000000
0.000000
0.000000
0.000000
0.000000
0.000000
0.000000
0.000000
0.000000
0.000000
0.000000
0.000000
0.000000
0.000000
0.000000
0.000000
0.000000
0.000000
0.000000
0.000000
0.000000
0.000000
0.000000
0.000000
0.000000
0.000000
0.000000
0.000000
0.000000
0.000000
0.000000
0.000000
0.000000
0.000000
0.000000
0.000000
0.000000
0.000000
0.000000
0.000000
0.000000
0.000000
0.000000
0.000000
0.000000
0.000000
0.000000
0.000000
0.000000
0.008604
0.017812
0.032718
0.053873
0.075665
0.079775
0.040770
0.003642
0.000011
0.000000
0.000000
0.000000
0.000000
0.000000
0.000000
0.000000
0.000000
0.000000
0.000000
0.000000
0.000000
0.000000
0.000000
0.000000
0.000000
0.000000
0.000000
0.000000
0.000000
0.000000
0.000000
0.000000
0.000000
0.000000
0.000000
0.000000
0.000000
0.000000
0.000000
0.000000
0.000000
0.000000
0.000000
0.000000
0.000000
0.000000
0.000000
0.000000
0.000000
0.000000
0.000000
0.000000
0.000000
0.000000
0.000000
0.000000
0.000000
0.000000
0.000000
0.000000
0.000000
0.000000
0.000000
0.000000
0.000000
0.000000
0.000000
0.000000
0.000000
0.000000
0.000000
0.000000
0.000000
0.000000
0.000000
0.000000
0.000000
0.000000
0.000000
0.000000
0.000000
0.000000
0.000000
0.000000
0.000000
0.000000
0.000000
0.000000
0.000000
0.000000
0.000000
0.000000
0.000000
0.000000
0.000000
0.000000
0.000000
0.000000
0.000000
0.000000
0.005991
0.012521
0.022909
0.039007
0.061486
0.083621
0.088612
0.046794
0.005033
0.000023
0.000000
0.000000
0.000000
0.000000
0.000000
0.000000
0.000000
0.000000
0.000000
0.000000
0.000000
0.000000
0.000000
0.000000
0.000000
0.000000
0.000000
0.000000
0.000000
0.000000
0.000000
0.000000
0.000000
0.000000
0.000000
0.000000
0.000000
0.000000
0.000000
0.000000
0.000000
0.000000
0.000000
0.000000
0.000000
0.000000
0.000000
0.000000
0.000000
0.000000
0.000000
0.000000
0.000000
0.000000
0.000000
0.000000
0.000000
0.000000
0.000000
0.000000
0.000000
0.000000
0.000000
0.000000
0.000000
0.000000
0.000000
0.000000
0.000000
0.000000
0.000000
0.000000
0.000000
0.000000
0.000000
0.000000
0.000000
0.000000
0.000000
0.000000
0.000000
0.000000
0.000000
0.000000
0.000000
0.000000
0.000000
0.000000
0.000000
0.000000
0.000000
0.000000
0.000000
0.000000
0.000000
0.000000
0.000000
0.000000
0.000000
0.000000
0.004216
0.008866
0.016347
0.027716
0.044747
0.068333
0.091481
0.095935
0.052709
0.006683
0.000045
0.000000
0.000000
0.000000
0.000000
0.000000
0.000000
0.000000
0.000000
0.000000
0.000000
0.000000
0.000000
0.000000
0.000000
0.000000
0.000000
0.000000
0.000000
0.000000
0.000000
0.000000
0.000000
0.000000
0.000000
0.000000
0.000000
0.000000
0.000000
0.000000
0.000000
0.000000
0.000000
0.000000
0.000000
0.000000
0.000000
0.000000
0.000000
0.000000
0.000000
0.000000
0.000000
0.000000
0.000000
0.000000
0.000000
0.000000
0.000000
0.000000
0.000000
0.000000
0.000000
0.000000
0.000000
0.000000
0.000000
0.000000
0.000000
0.000000
0.000000
0.000000
0.000000
0.000000
0.000000
0.000000
0.000000
0.000000
0.000000
0.000000
0.000000
0.000000
0.000000
0.000000
0.000000
0.000000
0.000000
0.000000
0.000000
0.000000
0.000000
0.000000
0.000000
0.000000
0.000000
0.000000
0.000000
0.000000
0.000000
0.000000
0.002996
0.006329
0.011725
0.020023
0.032224
0.049960
0.074851
0.099129
0.102605
0.058424
0.008565
0.000083
0.000000
0.000000
0.000000
0.000000
0.000000
0.000000
0.000000
0.000000
0.000000
0.000000
0.000000
0.000000
0.000000
0.000000
0.000000
0.000000
0.000000
0.000000
0.000000
0.000000
0.000000
0.000000
0.000000
0.000000
0.000000
0.000000
0.000000
0.000000
0.000000
0.000000
0.000000
0.000000
0.000000
0.000000
0.000000
0.000000
0.000000
0.000000
0.000000
0.000000
0.000000
0.000000
0.000000
0.000000
0.000000
0.000000
0.000000
0.000000
0.000000
0.000000
0.000000
0.000000
0.000000
0.000000
0.000000
0.000000
0.000000
0.000000
0.000000
0.000000
0.000000
0.000000
0.000000
0.000000
0.000000
0.000000
0.000000
0.000000
0.000000
0.000000
0.000000
0.000000
0.000000
0.000000
0.000000
0.000000
0.000000
0.000000
0.000000
0.000000
0.000000
0.000000
0.000000
0.000000
0.000000
0.000000
0.000000
0.000000
0.002148
0.004554
0.008464
0.014518
0.023529
0.036431
0.055029
0.081442
0.106127
0.108649
0.063866
0.010638
0.000141
0.000000
0.000000
0.000000
0.000000
0.000000
0.000000
0.000000
0.000000
0.000000
0.000000
0.000000
0.000000
0.000000
0.000000
0.000000
0.000000
0.000000
0.000000
0.000000
0.000000
0.000000
0.000000
0.000000
0.000000
0.000000
0.000000
0.000000
0.000000
0.000000
0.000000
0.000000
0.000000
0.000000
0.000000
0.000000
0.000000
0.000000
0.000000
0.000000
0.000000
0.000000
0.000000
0.000000
0.000000
0.000000
0.000000
0.000000
0.000000
0.000000
0.000000
0.000000
0.000000
0.000000
0.000000
0.000000
0.000000
0.000000
0.000000
0.000000
0.000000
0.000000
0.000000
0.000000
0.000000
0.000000
0.000000
0.000000
0.000000
0.000000
0.000000
0.000000
0.000000
0.000000
0.000000
0.000000
0.000000
0.000000
0.000000
0.000000
0.000000
0.000000
0.000000
0.000000
0.000000
0.000000
0.000000
0.000000
0.001553
0.003302
0.006151
0.010580
0.017221
0.026854
0.040576
0.060307
0.087525
0.112506
0.114099
0.068976
0.012850
0.000226
0.000000
0.000000
0.000000
0.000000
0.000000
0.000000
0.000000
0.000000
0.000000
0.000000
0.000000
0.000000
0.000000
0.000000
0.000000
0.000000
0.000000
0.000000
0.000000
0.000000
0.000000
0.000000
0.000000
0.000000
0.000000
0.000000
0.000000
0.000000
0.000000
0.000000
0.000000
0.000000
0.000000
0.000000
0.000000
0.000000
0.000000
0.000000
0.000000
0.000000
0.000000
0.000000
0.000000
0.000000
0.000000
0.000000
0.000000
0.000000
0.000000
0.000000
0.000000
0.000000
0.000000
0.000000
0.000000
0.000000
0.000000
0.000000
0.000000
0.000000
0.000000
0.000000
0.000000
0.000000
0.000000
0.000000
0.000000
0.000000
0.000000
0.000000
0.000000
0.000000
0.000000
0.000000
0.000000
0.000000
0.000000
0.000000
0.000000
0.000000
0.000000
0.000000
0.000000
0.000000
0.000000
0.000000
0.001131
0.002410
0.004498
0.007753
0.012655
0.019822
0.030170
0.044883
0.065254
0.093128
0.118304
0.118989
0.073713
0.015144
0.000226
0.000000
0.000000
0.000000
0.000000
0.000000
0.000000
0.000000
0.000000
0.000000
0.000000
0.000000
0.000000
0.000000
0.000000
0.000000
0.000000
0.000000
0.000000
0.000000
0.000000
0.000000
0.000000
0.000000
0.000000
0.000000
0.000000
0.000000
0.000000
0.000000
0.000000
0.000000
0.000000
0.000000
0.000000
0.000000
0.000000
0.000000
0.000000
0.000000
0.000000
0.000000
0.000000
0.000000
0.000000
0.000000
0.000000
0.000000
0.000000
0.000000
0.000000
0.000000
0.000000
0.000000
0.000000
0.000000
0.000000
0.000000
0.000000
0.000000
0.000000
0.000000
0.000000
0.000000
0.000000
0.000000
0.000000
0.000000
0.000000
0.000000
0.000000
0.000000
0.000000
0.000000
0.000000
0.000000
0.000000
0.000000
0.000000
0.000000
0.000000
0.000000
0.000000
0.000000
0.000000
0.000000
0.000829
0.001770
0.003309
0.005713
0.009344
0.014679
0.022443
0.033644
0.048987
0.069884
0.098281
0.123554
0.123498
0.078047
0.014716
0.000070
0.000000
0.000000
0.000000
0.000000
0.000000
0.000000
0.000000
0.000000
0.000000
0.000000
0.000000
0.000000
0.000000
0.000000
0.000000
0.000000
0.000000
0.000000
0.000000
0.000000
0.000000
0.000000
0.000000
0.000000
0.000000
0.000000
0.000000
0.000000
0.000000
0.000000
0.000000
0.000000
0.000000
0.000000
0.000000
0.000000
0.000000
0.000000
0.000000
0.000000
0.000000
0.000000
0.000000
0.000000
0.000000
0.000000
0.000000
0.000000
0.000000
0.000000
0.000000
0.000000
0.000000
0.000000
0.000000
0.000000
0.000000
0.000000
0.000000
0.000000
0.000000
0.000000
0.000000
0.000000
0.000000
0.000000
0.000000
0.000000
0.000000
0.000000
0.000000
0.000000
0.000000
0.000000
0.000000
0.000000
0.000000
0.000000
0.000000
0.000000
0.000000
0.000000
0.000000
0.000000
0.000611
0.001308
0.002448
0.004232
0.006932
0.010913
0.016736
0.025209
0.037001
0.052891
0.074213
0.103014
0.128292
0.128000
0.077398
0.008638
0.000037
0.000000
0.000000
0.000000
0.000000
0.000000
0.000000
0.000000
0.000000
0.000000
0.000000
0.000000
0.000000
0.000000
0.000000
0.000000
0.000000
0.000000
0.000000
0.000000
0.000000
0.000000
0.000000
0.000000
0.000000
0.000000
0.000000
0.000000
0.000000
0.000000
0.000000
0.000000
0.000000
0.000000
0.000000
0.000000
0.000000
0.000000
0.000000
0.000000
0.000000
0.000000
0.000000
0.000000
0.000000
0.000000
0.000000
0.000000
0.000000
0.000000
0.000000
0.000000
0.000000
0.000000
0.000000
0.000000
0.000000
0.000000
0.000000
0.000000
0.000000
0.000000
0.000000
0.000000
0.000000
0.000000
0.000000
0.000000
0.000000
0.000000
0.000000
0.000000
0.000000
0.000000
0.000000
0.000000
0.000000
0.000000
0.000000
0.000000
0.000000
0.000000
0.000000
0.000000
0.000453
0.000971
0.001820
0.003150
0.005167
0.008148
0.012522
0.018921
0.027915
0.040239
0.056600
0.078261
0.107359
0.132554
0.130395
0.064097
0.006318
0.000103
0.000000
0.000000
0.000000
0.000000
0.000000
0.000000
0.000000
0.000000
0.000000
0.000000
0.000000
0.000000
0.000000
0.000000
0.000000
0.000000
0.000000
0.000000
0.000000
0.000000
0.000000
0.000000
0.000000
0.000000
0.000000
0.000000
0.000000
0.000000
0.000000
0.000000
0.000000
0.000000
0.000000
0.000000
0.000000
0.000000
0.000000
0.000000
0.000000
0.000000
0.000000
0.000000
0.000000
0.000000
0.000000
0.000000
0.000000
0.000000
0.000000
0.000000
0.000000
0.000000
0.000000
0.000000
0.000000
0.000000
0.000000
0.000000
0.000000
0.000000
0.000000
0.000000
0.000000
0.000000
0.000000
0.000000
0.000000
0.000000
0.000000
0.000000
0.000000
0.000000
0.000000
0.000000
0.000000
0.000000
0.000000
0.000000
0.000000
0.000000
0.000000
0.000000
0.000337
0.000724
0.001359
0.002356
0.003869
0.006108
0.009404
0.014241
0.021083
0.030556
0.043357
0.060119
0.082047
0.111344
0.137369
0.126464
0.057212
0.010224
0.000270
0.000000
0.000000
0.000000
0.000000
0.000000
0.000000
0.000000
0.000000
0.000000
0.000000
0.000000
0.000000
0.000000
0.000000
0.000000
0.000000
0.000000
0.000000
0.000000
0.000000
0.000000
0.000000
0.000000
0.000000
0.000000
0.000000
0.000000
0.000000
0.000000
0.000000
0.000000
0.000000
0.000000
0.000000
0.000000
0.000000
0.000000
0.000000
0.000000
0.000000
0.000000
0.000000
0.000000
0.000000
0.000000
0.000000
0.000000
0.000000
0.000000
0.000000
0.000000
0.000000
0.000000
0.000000
0.000000
0.000000
0.000000
0.000000
0.000000
0.000000
0.000000
0.000000
0.000000
0.000000
0.000000
0.000000
0.000000
0.000000
0.000000
0.000000
0.000000
0.000000
0.000000
0.000000
0.000000
0.000000
0.000000
0.000000
0.000000
0.000000
0.000000
0.000252
0.000542
0.001019
0.001769
0.002908
0.004598
0.007088
0.010753
0.015958
0.023215
0.033130
0.046357
0.063458
0.085590
0.116782
0.143475
0.124374
0.069667
0.015774
0.000652
0.000001
0.000000
0.000000
0.000000
0.000000
0.000000
0.000000
0.000000
0.000000
0.000000
0.000000
0.000000
0.000000
0.000000
0.000000
0.000000
0.000000
0.000000
0.000000
0.000000
0.000000
0.000000
0.000000
0.000000
0.000000
0.000000
0.000000
0.000000
0.000000
0.000000
0.000000
0.000000
0.000000
0.000000
0.000000
0.000000
0.000000
0.000000
0.000000
0.000000
0.000000
0.000000
0.000000
0.000000
0.000000
0.000000
0.000000
0.000000
0.000000
0.000000
0.000000
0.000000
0.000000
0.000000
0.000000
0.000000
0.000000
0.000000
0.000000
0.000000
0.000000
0.000000
0.000000
0.000000
0.000000
0.000000
0.000000
0.000000
0.000000
0.000000
0.000000
0.000000
0.000000
0.000000
0.000000
0.000000
0.000000
0.000000
0.000000
0.000000
0.000189
0.000407
0.000767
0.001333
0.002194
0.003474
0.005362
0.008146
0.012112
0.017667
0.025314
0.035635
0.049241
0.066624
0.090550
0.126437
0.147816
0.134298
0.082890
0.023232
0.000838
0.000000
0.000000
0.000000
0.000000
0.000000
0.000000
0.000000
0.000000
0.000000
0.000000
0.000000
0.000000
0.000000
0.000000
0.000000
0.000000
0.000000
0.000000
0.000000
0.000000
0.000000
0.000000
0.000000
0.000000
0.000000
0.000000
0.000000
0.000000
0.000000
0.000000
0.000000
0.000000
0.000000
0.000000
0.000000
0.000000
0.000000
0.000000
0.000000
0.000000
0.000000
0.000000
0.000000
0.000000
0.000000
0.000000
0.000000
0.000000
0.000000
0.000000
0.000000
0.000000
0.000000
0.000000
0.000000
0.000000
0.000000
0.000000
0.000000
0.000000
0.000000
0.000000
0.000000
0.000000
0.000000
0.000000
0.000000
0.000000
0.000000
0.000000
0.000000
0.000000
0.000000
0.000000
0.000000
0.000000
0.000000
0.000000
0.000000
0.000142
0.000307
0.000579
0.001008
0.001661
0.002633
0.004070
0.006191
0.009220
0.013477
0.019366
0.027379
0.038073
0.052016
0.070714
0.099778
0.133368
0.151477
0.143301
0.096476
0.026189
0.000579
0.000000
0.000000
0.000000
0.000000
0.000000
0.000000
0.000000
0.000000
0.000000
0.000000
0.000000
0.000000
0.000000
0.000000
0.000000
0.000000
0.000000
0.000000
0.000000
0.000000
0.000000
0.000000
0.000000
0.000000
0.000000
0.000000
0.000000
0.000000
0.000000
0.000000
0.000000
0.000000
0.000000
0.000000
0.000000
0.000000
0.000000
0.000000
0.000000
0.000000
0.000000
0.000000
0.000000
0.000000
0.000000
0.000000
0.000000
0.000000
0.000000
0.000000
0.000000
0.000000
0.000000
0.000000
0.000000
0.000000
0.000000
0.000000
0.000000
0.000000
0.000000
0.000000
0.000000
0.000000
0.000000
0.000000
0.000000
0.000000
0.000000
0.000000
0.000000
0.000000
0.000000
0.000000
0.000000
0.000000
0.000000
0.000000
0.000107
0.000232
0.000438
0.000764
0.001261
0.002002
0.003098
0.004719
0.007038
0.010307
0.014845
0.021053
0.029408
0.040444
0.055535
0.077638
0.106565
0.133750
0.154117
0.151195
0.102160
0.022807
0.000404
0.000000
0.000000
0.000000
0.000000
0.000000
0.000000
0.000000
0.000000
0.000000
0.000000
0.000000
0.000000
0.000000
0.000000
0.000000
0.000000
0.000000
0.000000
0.000000
0.000000
0.000000
0.000000
0.000000
0.000000
0.000000
0.000000
0.000000
0.000000
0.000000
0.000000
0.000000
0.000000
0.000000
0.000000
0.000000
0.000000
0.000000
0.000000
0.000000
0.000000
0.000000
0.000000
0.000000
0.000000
0.000000
0.000000
0.000000
0.000000
0.000000
0.000000
0.000000
0.000000
0.000000
0.000000
0.000000
0.000000
0.000000
0.000000
0.000000
0.000000
0.000000
0.000000
0.000000
0.000000
0.000000
0.000000
0.000000
0.000000
0.000000
0.000000
0.000000
0.000000
0.000000
0.000000
0.000000
0.000000
0.000000
0.000081
0.000176
0.000332
0.000580
0.000960
0.001526
0.002365
0.003608
0.005388
0.007903
0.011404
0.016214
0.022725
0.031402
0.043407
0.061339
0.082922
0.106075
0.133456
0.155756
0.155781
0.098999
0.019878
0.000302
0.000000
0.000000
0.000000
0.000000
0.000000
0.000000
0.000000
0.000000
0.000000
0.000000
0.000000
0.000000
0.000000
0.000000
0.000000
0.000000
0.000000
0.000000
0.000000
0.000000
0.000000
0.000000
0.000000
0.000000
0.000000
0.000000
0.000000
0.000000
0.000000
0.000000
0.000000
0.000000
0.000000
0.000000
0.000000
0.000000
0.000000
0.000000
0.000000
0.000000
0.000000
0.000000
0.000000
0.000000
0.000000
0.000000
0.000000
0.000000
0.000000
0.000000
0.000000
0.000000
0.000000
0.000000
0.000000
0.000000
0.000000
0.000000
0.000000
0.000000
0.000000
0.000000
0.000000
0.000000
0.000000
0.000000
0.000000
0.000000
0.000000
0.000000
0.000000
0.000000
0.000000
0.000000
0.000000
0.000000
0.000061
0.000133
0.000253
0.000442
0.000732
0.001166
0.001810
0.002765
0.004135
0.006074
0.008781
0.012511
0.017582
0.024383
0.033860
0.048166
0.065852
0.083225
0.105154
0.132544
0.158575
0.157444
0.095760
0.017822
0.000239
0.000000
0.000000
0.000000
0.000000
0.000000
0.000000
0.000000
0.000000
0.000000
0.000000
0.000000
0.000000
0.000000
0.000000
0.000000
0.000000
0.000000
0.000000
0.000000
0.000000
0.000000
0.000000
0.000000
0.000000
0.000000
0.000000
0.000000
0.000000
0.000000
0.000000
0.000000
0.000000
0.000000
0.000000
0.000000
0.000000
0.000000
0.000000
0.000000
0.000000
0.000000
0.000000
0.000000
0.000000
0.000000
0.000000
0.000000
0.000000
0.000000
0.000000
0.000000
0.000000
0.000000
0.000000
0.000000
0.000000
0.000000
0.000000
0.000000
0.000000
0.000000
0.000000
0.000000
0.000000
0.000000
0.000000
0.000000
0.000000
0.000000
0.000000
0.000000
0.000000
0.000000
0.000000
0.000000
0.000046
0.000101
0.000192
0.000337
0.000560
0.000893
0.001388
0.002124
0.003181
0.004680
0.006777
0.009673
0.013625
0.018950
0.026404
0.037715
0.051927
0.066225
0.083254
0.103853
0.134349
0.163216
0.158743
0.093339
0.016394
0.000195
0.000000
0.000000
0.000000
0.000000
0.000000
0.000000
0.000000
0.000000
0.000000
0.000000
0.000000
0.000000
0.000000
0.000000
0.000000
0.000000
0.000000
0.000000
0.000000
0.000000
0.000000
0.000000
0.000000
0.000000
0.000000
0.000000
0.000000
0.000000
0.000000
0.000000
0.000000
0.000000
0.000000
0.000000
0.000000
0.000000
0.000000
0.000000
0.000000
0.000000
0.000000
0.000000
0.000000
0.000000
0.000000
0.000000
0.000000
0.000000
0.000000
0.000000
0.000000
0.000000
0.000000
0.000000
0.000000
0.000000
0.000000
0.000000
0.000000
0.000000
0.000000
0.000000
0.000000
0.000000
0.000000
0.000000
0.000000
0.000000
0.000000
0.000000
0.000000
0.000000
0.000000
0.000000
0.000035
0.000077
0.000146
0.000257
0.000428
0.000685
0.001067
0.001635
0.002452
0.003614
0.005241
0.007494
0.010578
0.014747
0.020601
0.029502
0.040803
0.052342
0.066372
0.083035
0.105183
0.139399
0.167471
0.159868
0.091649
0.015227
0.000163
0.000000
0.000000
0.000000
0.000000
0.000000
0.000000
0.000000
0.000000
0.000000
0.000000
0.000000
0.000000
0.000000
0.000000
0.000000
0.000000
0.000000
0.000000
0.000000
0.000000
0.000000
0.000000
0.000000
0.000000
0.000000
0.000000
0.000000
0.000000
0.000000
0.000000
0.000000
0.000000
0.000000
0.000000
0.000000
0.000000
0.000000
0.000000
0.000000
0.000000
0.000000
0.000000
0.000000
0.000000
0.000000
0.000000
0.000000
0.000000
0.000000
0.000000
0.000000
0.000000
0.000000
0.000000
0.000000
0.000000
0.000000
0.000000
0.000000
0.000000
0.000000
0.000000
0.000000
0.000000
0.000000
0.000000
0.000000
0.000000
0.000000
0.000000
0.000000
0.000000
0.000000
0.000027
0.000058
0.000112
0.000197
0.000328
0.000526
0.000821
0.001260
0.001894
0.002796
0.004061
0.005818
0.008227
0.011494
0.016090
0.023080
0.032015
0.041229
0.052574
0.066314
0.084545
0.109532
0.144134
0.170931
0.161129
0.090191
0.014300
0.000141
0.000000
0.000000
0.000000
0.000000
0.000000
0.000000
0.000000
0.000000
0.000000
0.000000
0.000000
0.000000
0.000000
0.000000
0.000000
0.000000
0.000000
0.000000
0.000000
0.000000
0.000000
0.000000
0.000000
0.000000
0.000000
0.000000
0.000000
0.000000
0.000000
0.000000
0.000000
0.000000
0.000000
0.000000
0.000000
0.000000
0.000000
0.000000
0.000000
0.000000
0.000000
0.000000
0.000000
0.000000
0.000000
0.000000
0.000000
0.000000
0.000000
0.000000
0.000000
0.000000
0.000000
0.000000
0.000000
0.000000
0.000000
0.000000
0.000000
0.000000
0.000000
0.000000
0.000000
0.000000
0.000000
0.000000
0.000000
0.000000
0.000000
0.000000
0.000000
0.000000
0.000020
0.000044
0.000085
0.000151
0.000252
0.000404
0.000633
0.000973
0.001465
0.002166
0.003153
0.004524
0.006409
0.008973
0.012584
0.018069
0.025113
0.032428
0.041507
0.052638
0.067645
0.088031
0.113641
0.148009
0.173761
0.162316
0.089008
0.013593
0.000126
0.000000
0.000000
0.000000
0.000000
0.000000
0.000000
0.000000
0.000000
0.000000
0.000000
0.000000
0.000000
0.000000
0.000000
0.000000
0.000000
0.000000
0.000000
0.000000
0.000000
0.000000
0.000000
0.000000
0.000000
0.000000
0.000000
0.000000
0.000000
0.000000
0.000000
0.000000
0.000000
0.000000
0.000000
0.000000
0.000000
0.000000
0.000000
0.000000
0.000000
0.000000
0.000000
0.000000
0.000000
0.000000
0.000000
0.000000
0.000000
0.000000
0.000000
0.000000
0.000000
0.000000
0.000000
0.000000
0.000000
0.000000
0.000000
0.000000
0.000000
0.000000
0.000000
0.000000
0.000000
0.000000
0.000000
0.000000
0.000000
0.000000
0.000000
0.000000
0.000015
0.000034
0.000065
0.000115
0.000193
0.000311
0.000488
0.000752
0.001135
0.001681
0.002451
0.003524
0.005002
0.007016
0.009855
0.014161
0.019708
0.025498
0.032723
0.041651
0.053791
0.070572
0.091340
0.117059
0.151161
0.176296
0.163403
0.088132
0.013089
0.000116
0.000000
0.000000
0.000000
0.000000
0.000000
0.000000
0.000000
0.000000
0.000000
0.000000
0.000000
0.000000
0.000000
0.000000
0.000000
0.000000
0.000000
0.000000
0.000000
0.000000
0.000000
0.000000
0.000000
0.000000
0.000000
0.000000
0.000000
0.000000
0.000000
0.000000
0.000000
0.000000
0.000000
0.000000
0.000000
0.000000
0.000000
0.000000
0.000000
0.000000
0.000000
0.000000
0.000000
0.000000
0.000000
0.000000
0.000000
0.000000
0.000000
0.000000
0.000000
0.000000
0.000000
0.000000
0.000000
0.000000
0.000000
0.000000
0.000000
0.000000
0.000000
0.000000
0.000000
0.000000
0.000000
0.000000
0.000000
0.000000
0.000000
0.000000
0.000012
0.000026
0.000050
0.000088
0.000148
0.000239
0.000376
0.000582
0.000880
0.001306
0.001908
0.002749
0.003909
0.005494
0.007729
0.011112
0.015479
0.020056
0.025789
0.032910
0.042635
0.056202
0.073363
0.094281
0.119875
0.153973
0.178555
0.164431
0.087589
0.012778
0.000110
0.000000
0.000000
0.000000
0.000000
0.000000
0.000000
0.000000
0.000000
0.000000
0.000000
0.000000
0.000000
0.000000
0.000000
0.000000
0.000000
0.000000
0.000000
0.000000
0.000000
0.000000
0.000000
0.000000
0.000000
0.000000
0.000000
0.000000
0.000000
0.000000
0.000000
0.000000
0.000000
0.000000
0.000000
0.000000
0.000000
0.000000
0.000000
0.000000
0.000000
0.000000
0.000000
0.000000
0.000000
0.000000
0.000000
0.000000
0.000000
0.000000
0.000000
0.000000
0.000000
0.000000
0.000000
0.000000
0.000000
0.000000
0.000000
0.000000
0.000000
0.000000
0.000000
0.000000
0.000000
0.000000
0.000000
0.000000
0.000000
0.000000
0.000009
0.000020
0.000038
0.000067
0.000114
0.000184
0.000291
0.000450
0.000682
0.001015
0.001487
0.002146
0.003059
0.004307
0.006070
0.008730
0.012170
0.015788
0.020331
0.025994
0.033742
0.044599
0.058510
0.075907
0.096888
0.122395
0.156453
0.180555
0.165434
0.087400
0.012650
0.000109
0.000000
0.000000
0.000000
0.000000
0.000000
0.000000
0.000000
0.000000
0.000000
0.000000
0.000000
0.000000
0.000000
0.000000
0.000000
0.000000
0.000000
0.000000
0.000000
0.000000
0.000000
0.000000
0.000000
0.000000
0.000000
0.000000
0.000000
0.000000
0.000000
0.000000
0.000000
0.000000
0.000000
0.000000
0.000000
0.000000
0.000000
0.000000
0.000000
0.000000
0.000000
0.000000
0.000000
0.000000
0.000000
0.000000
0.000000
0.000000
0.000000
0.000000
0.000000
0.000000
0.000000
0.000000
0.000000
0.000000
0.000000
0.000000
0.000000
0.000000
0.000000
0.000000
0.000000
0.000000
0.000000
0.000000
0.000000
0.000000
0.000007
0.000015
0.000029
0.000052
0.000087
0.000142
0.000224
0.000348
0.000530
0.000790
0.001160
0.001678
0.002396
0.003381
0.004772
0.006867
0.009579
0.012440
0.016039
0.020537
0.026692
0.035331
0.046483
0.060657
0.078218
0.099288
0.124620
0.158605
0.182311
0.166440
0.087578
0.012703
0.000112
0.000000
0.000000
0.000000
0.000000
0.000000
0.000000
0.000000
0.000000
0.000000
0.000000
0.000000
0.000000
0.000000
0.000000
0.000000
0.000000
0.000000
0.000000
0.000000
0.000000
0.000000
0.000000
0.000000
0.000000
0.000000
0.000000
0.000000
0.000000
0.000000
0.000000
0.000000
0.000000
0.000000
0.000000
0.000000
0.000000
0.000000
0.000000
0.000000
0.000000
0.000000
0.000000
0.000000
0.000000
0.000000
0.000000
0.000000
0.000000
0.000000
0.000000
0.000000
0.000000
0.000000
0.000000
0.000000
0.000000
0.000000
0.000000
0.000000
0.000000
0.000000
0.000000
0.000000
0.000000
0.000000
0.000000
0.000000
0.000005
0.000011
0.000022
0.000039
0.000067
0.000109
0.000173
0.000270
0.000411
0.000615
0.000905
0.001312
0.001878
0.002657
0.003756
0.005407
0.007548
0.009811
0.012664
0.016235
0.021119
0.027971
0.036857
0.048269
0.062647
0.080363
0.101481
0.126550
0.160437
0.183836
0.167470
0.088134
0.012938
0.000118
0.000000
0.000000
0.000000
0.000000
0.000000
0.000000
0.000000
0.000000
0.000000
0.000000
0.000000
0.000000
0.000000
0.000000
0.000000
0.000000
0.000000
0.000000
0.000000
0.000000
0.000000
0.000000
0.000000
0.000000
0.000000
0.000000
0.000000
0.000000
0.000000
0.000000
0.000000
0.000000
0.000000
0.000000
0.000000
0.000000
0.000000
0.000000
0.000000
0.000000
0.000000
0.000000
0.000000
0.000000
0.000000
0.000000
0.000000
0.000000
0.000000
0.000000
0.000000
0.000000
0.000000
0.000000
0.000000
0.000000
0.000000
0.000000
0.000000
0.000000
0.000000
0.000000
0.000000
0.000000
0.000000
0.000000
0.000004
0.000009
0.000017
0.000030
0.000051
0.000084
0.000134
0.000209
0.000319
0.000479
0.000706
0.001027
0.001474
0.002089
0.002959
0.004262
0.005954
0.007746
0.010008
0.012845
0.016718
0.022145
0.029202
0.038327
0.049950
0.064506
0.082341
0.103467
0.128187
0.161953
0.185139
0.168538
0.089073
0.013329
0.000136
0.000000
0.000000
0.000000
0.000000
0.000000
0.000000
0.000000
0.000000
0.000000
0.000000
0.000000
0.000000
0.000000
0.000000
0.000000
0.000000
0.000000
0.000000
0.000000
0.000000
0.000000
0.000000
0.000000
0.000000
0.000000
0.000000
0.000000
0.000000
0.000000
0.000000
0.000000
0.000000
0.000000
0.000000
0.000000
0.000000
0.000000
0.000000
0.000000
0.000000
0.000000
0.000000
0.000000
0.000000
0.000000
0.000000
0.000000
0.000000
0.000000
0.000000
0.000000
0.000000
0.000000
0.000000
0.000000
0.000000
0.000000
0.000000
0.000000
0.000000
0.000000
0.000000
0.000000
0.000000
0.000000
0.000003
0.000006
0.000013
0.000023
0.000039
0.000064
0.000103
0.000162
0.000248
0.000373
0.000552
0.000804
0.001157
0.001644
0.002333
0.003362
0.004700
0.006121
0.007917
0.010171
0.013244
0.017540
0.023135
0.030404
0.039731
0.051531
0.066233
0.084150
0.105248
0.129535
0.163161
0.186227
0.169649
0.090243
0.014207
0.000257
0.000000
0.000000
0.000000
0.000000
0.000000
0.000000
0.000000
0.000000
0.000000
0.000000
0.000000
0.000000
0.000000
0.000000
0.000000
0.000000
0.000000
0.000000
0.000000
0.000000
0.000000
0.000000
0.000000
0.000000
0.000000
0.000000
0.000000
0.000000
0.000000
0.000000
0.000000
0.000000
0.000000
0.000000
0.000000
0.000000
0.000000
0.000000
0.000000
0.000000
0.000000
0.000000
0.000000
0.000000
0.000000
0.000000
0.000000
0.000000
0.000000
0.000000
0.000000
0.000000
0.000000
0.000000
0.000000
0.000000
0.000000
0.000000
0.000000
0.000000
0.000000
0.000000
0.000000
0.000000
0.000002
0.000005
0.000010
0.000017
0.000030
0.000049
0.000079
0.000125
0.000192
0.000290
0.000431
0.000629
0.000908
0.001294
0.001840
0.002654
0.003713
0.004841
0.006268
0.008061
0.010500
0.013902
0.018334
0.024113
0.031566
0.041056
0.053006
0.067824
0.085790
0.106827
0.130597
0.164065
0.187104
0.170610
0.092196
0.018743
0.000161
0.000000
0.000000
0.000000
0.000000
0.000000
0.000000
0.000000
0.000000
0.000000
0.000000
0.000000
0.000000
0.000000
0.000000
0.000000
0.000000
0.000000
0.000000
0.000000
0.000000
0.000000
0.000000
0.000000
0.000000
0.000000
0.000000
0.000000
0.000000
0.000000
0.000000
0.000000
0.000000
0.000000
0.000000
0.000000
0.000000
0.000000
0.000000
0.000000
0.000000
0.000000
0.000000
0.000000
0.000000
0.000000
0.000000
0.000000
0.000000
0.000000
0.000000
0.000000
0.000000
0.000000
0.000000
0.000000
0.000000
0.000000
0.000000
0.000000
0.000000
0.000000
0.000000
0.000000
0.000002
0.000004
0.000007
0.000013
0.000023
0.000038
0.000061
0.000096
0.000149
0.000226
0.000336
0.000493
0.000713
0.001019
0.001452
0.002096
0.002935
0.003832
0.004966
0.006393
0.008331
0.011027
0.014538
0.019129
0.025070
0.032667
0.042300
0.054375
0.069278
0.087260
0.108206
0.131378
0.164673
0.187682
0.171323
0.101932
0.015481
0.000017
0.000000
0.000000
0.000000
0.000000
0.000000
0.000000
0.000000
0.000000
0.000000
0.000000
0.000000
0.000000
0.000000
0.000000
0.000000
0.000000
0.000000
0.000000
0.000000
0.000000
0.000000
0.000000
0.000000
0.000000
0.000000
0.000000
0.000000
0.000000
0.000000
0.000000
0.000000
0.000000
0.000000
0.000000
0.000000
0.000000
0.000000
0.000000
0.000000
0.000000
0.000000
0.000000
0.000000
0.000000
0.000000
0.000000
0.000000
0.000000
0.000000
0.000000
0.000000
0.000000
0.000000
0.000000
0.000000
0.000000
0.000000
0.000000
0.000000
0.000000
0.000000
0.000000
0.000001
0.000003
0.000005
0.000010
0.000017
0.000029
0.000047
0.000074
0.000115
0.000175
0.000262
0.000386
0.000559
0.000802
0.001145
0.001656
0.002321
0.003034
0.003937
0.005074
0.006615
0.008752
0.011536
0.015182
0.019912
0.025979
0.033705
0.043460
0.055635
0.070595
0.088563
0.109389
0.132109
0.164937
0.187389
0.175583
0.095107
0.005860
0.000023
0.000000
0.000000
0.000000
0.000000
0.000000
0.000000
0.000000
0.000000
0.000000
0.000000
0.000000
0.000000
0.000000
0.000000
0.000000
0.000000
0.000000
0.000000
0.000000
0.000000
0.000000
0.000000
0.000000
0.000000
0.000000
0.000000
0.000000
0.000000
0.000000
0.000000
0.000000
0.000000
0.000000
0.000000
0.000000
0.000000
0.000000
0.000000
0.000000
0.000000
0.000000
0.000000
0.000000
0.000000
0.000000
0.000000
0.000000
0.000000
0.000000
0.000000
0.000000
0.000000
0.000000
0.000000
0.000000
0.000000
0.000000
0.000000
0.000000
0.000000
0.000000
0.000001
0.000002
0.000004
0.000008
0.000013
0.000022
0.000036
0.000057
0.000089
0.000136
0.000204
0.000301
0.000439
0.000631
0.000904
0.001308
0.001836
0.002403
0.003123
0.004030
0.005256
0.006952
0.009160
0.012056
0.015821
0.020659
0.026839
0.034677
0.044533
0.056784
0.071775
0.089700
0.110380
0.132829
0.164356
0.186136
0.172352
0.066403
0.006812
0.000029
0.000000
0.000000
0.000000
0.000000
0.000000
0.000000
0.000000
0.000000
0.000000
0.000000
0.000000
0.000000
0.000000
0.000000
0.000000
0.000000
0.000000
0.000000
0.000000
0.000000
0.000000
0.000000
0.000000
0.000000
0.000000
0.000000
0.000000
0.000000
0.000000
0.000000
0.000000
0.000000
0.000000
0.000000
0.000000
0.000000
0.000000
0.000000
0.000000
0.000000
0.000000
0.000000
0.000000
0.000000
0.000000
0.000000
0.000000
0.000000
0.000000
0.000000
0.000000
0.000000
0.000000
0.000000
0.000000
0.000000
0.000000
0.000000
0.000000
0.000000
0.000001
0.000002
0.000003
0.000006
0.000010
0.000017
0.000027
0.000044
0.000069
0.000105
0.000159
0.000235
0.000344
0.000496
0.000713
0.001033
0.001453
0.001904
0.002477
0.003201
0.004178
0.005525
0.007278
0.009580
0.012577
0.016433
0.021369
0.027648
0.035581
0.045518
0.057822
0.072817
0.090673
0.111214
0.133131
0.161245
0.186785
0.155665
0.070904
0.007896
0.000039
0.000000
0.000000
0.000000
0.000000
0.000000
0.000000
0.000000
0.000000
0.000000
0.000000
0.000000
0.000000
0.000000
0.000000
0.000000
0.000000
0.000000
0.000000
0.000000
0.000000
0.000000
0.000000
0.000000
0.000000
0.000000
0.000000
0.000000
0.000000
0.000000
0.000000
0.000000
0.000000
0.000000
0.000000
0.000000
0.000000
0.000000
0.000000
0.000000
0.000000
0.000000
0.000000
0.000000
0.000000
0.000000
0.000000
0.000000
0.000000
0.000000
0.000000
0.000000
0.000000
0.000000
0.000000
0.000000
0.000000
0.000000
0.000000
0.000000
0.000000
0.000001
0.000002
0.000004
0.000008
0.000013
0.000021
0.000034
0.000053
0.000082
0.000123
0.000184
0.000269
0.000390
0.000562
0.000816
0.001149
0.001509
0.001966
0.002544
0.003322
0.004393
0.005786
0.007616
0.010004
0.013077
0.017016
0.022037
0.028403
0.036415
0.046414
0.058748
0.073722
0.091530
0.111775
0.131726
0.163325
0.187960
0.159074
0.075495
0.009178
0.000052
0.000000
0.000000
0.000000
0.000000
0.000000
0.000000
0.000000
0.000000
0.000000
0.000000
0.000000
0.000000
0.000000
0.000000
0.000000
0.000000
0.000000
0.000000
0.000000
0.000000
0.000000
0.000000
0.000000
0.000000
0.000000
0.000000
0.000000
0.000000
0.000000
0.000000
0.000000
0.000000
0.000000
0.000000
0.000000
0.000000
0.000000
0.000000
0.000000
0.000000
0.000000
0.000000
0.000000
0.000000
0.000000
0.000000
0.000000
0.000000
0.000000
0.000000
0.000000
0.000000
0.000000
0.000000
0.000000
0.000000
0.000000
0.000000
0.000000
0.000001
0.000002
0.000003
0.000006
0.000010
0.000016
0.000026
0.000041
0.000063
0.000096
0.000143
0.000211
0.000306
0.000443
0.000644
0.000908
0.001195
0.001560
0.002022
0.002642
0.003494
0.004601
0.006059
0.007961
0.010411
0.013554
0.017566
0.022664
0.029103
0.037179
0.047220
0.059563
0.074546
0.092228
0.110670
0.133869
0.171883
0.188137
0.162220
0.080308
0.010687
0.000071
0.000000
0.000000
0.000000
0.000000
0.000000
0.000000
0.000000
0.000000
0.000000
0.000000
0.000000
0.000000
0.000000
0.000000
0.000000
0.000000
0.000000
0.000000
0.000000
0.000000
0.000000
0.000000
0.000000
0.000000
0.000000
0.000000
0.000000
0.000000
0.000000
0.000000
0.000000
0.000000
0.000000
0.000000
0.000000
0.000000
0.000000
0.000000
0.000000
0.000000
0.000000
0.000000
0.000000
0.000000
0.000000
0.000000
0.000000
0.000000
0.000000
0.000000
0.000000
0.000000
0.000000
0.000000
0.000000
0.000000
0.000000
0.000000
0.000001
0.000001
0.000002
0.000004
0.000007
0.000012
0.000020
0.000031
0.000049
0.000074
0.000111
0.000165
0.000240
0.000348
0.000508
0.000718
0.000946
0.001237
0.001606
0.002102
0.002780
0.003661
0.004821
0.006338
0.008292
0.010800
0.014006
0.018084
0.023247
0.029746
0.037870
0.047936
0.060320
0.075292
0.091420
0.112952
0.140590
0.170438
0.188027
0.165161
0.085317
0.012454
0.000098
0.000000
0.000000
0.000000
0.000000
0.000000
0.000000
0.000000
0.000000
0.000000
0.000000
0.000000
0.000000
0.000000
0.000000
0.000000
0.000000
0.000000
0.000000
0.000000
0.000000
0.000000
0.000000
0.000000
0.000000
0.000000
0.000000
0.000000
0.000000
0.000000
0.000000
0.000000
0.000000
0.000000
0.000000
0.000000
0.000000
0.000000
0.000000
0.000000
0.000000
0.000000
0.000000
0.000000
0.000000
0.000000
0.000000
0.000000
0.000000
0.000000
0.000000
0.000000
0.000000
0.000000
0.000000
0.000000
0.000000
0.000000
0.000000
0.000001
0.000002
0.000003
0.000005
0.000009
0.000015
0.000024
0.000037
0.000057
0.000086
0.000128
0.000188
0.000274
0.000400
0.000567
0.000749
0.000981
0.001276
0.001671
0.002211
0.002913
0.003837
0.005047
0.006607
0.008609
0.011170
0.014432
0.018568
0.023786
0.030332
0.038489
0.048614
0.061056
0.074730
0.093610
0.119807
0.140208
0.168807
0.187615
0.167864
0.090486
0.014513
0.000137
0.000000
0.000000
0.000000
0.000000
0.000000
0.000000
0.000000
0.000000
0.000000
0.000000
0.000000
0.000000
0.000000
0.000000
0.000000
0.000000
0.000000
0.000000
0.000000
0.000000
0.000000
0.000000
0.000000
0.000000
0.000000
0.000000
0.000000
0.000000
0.000000
0.000000
0.000000
0.000000
0.000000
0.000000
0.000000
0.000000
0.000000
0.000000
0.000000
0.000000
0.000000
0.000000
0.000000
0.000000
0.000000
0.000000
0.000000
0.000000
0.000000
0.000000
0.000000
0.000000
0.000000
0.000000
0.000000
0.000000
0.000000
0.000001
0.000001
0.000002
0.000004
0.000007
0.000011
0.000018
0.000029
0.000044
0.000067
0.000100
0.000147
0.000215
0.000315
0.000447
0.000592
0.000777
0.001013
0.001329
0.001759
0.002318
0.003055
0.004020
0.005265
0.006865
0.008911
0.011520
0.014831
0.019016
0.024279
0.030860
0.039082
0.049304
0.060682
0.076717
0.099954
0.119543
0.139751
0.166945
0.186897
0.170293
0.095777
0.016895
0.000191
0.000000
0.000000
0.000000
0.000000
0.000000
0.000000
0.000000
0.000000
0.000000
0.000000
0.000000
0.000000
0.000000
0.000000
0.000000
0.000000
0.000000
0.000000
0.000000
0.000000
0.000000
0.000000
0.000000
0.000000
0.000000
0.000000
0.000000
0.000000
0.000000
0.000000
0.000000
0.000000
0.000000
0.000000
0.000000
0.000000
0.000000
0.000000
0.000000
0.000000
0.000000
0.000000
0.000000
0.000000
0.000000
0.000000
0.000000
0.000000
0.000000
0.000000
0.000000
0.000000
0.000000
0.000000
0.000000
0.000000
0.000000
0.000001
0.000002
0.000003
0.000005
0.000009
0.000014
0.000022
0.000034
0.000052
0.000078
0.000115
0.000169
0.000248
0.000352
0.000468
0.000616
0.000804
0.001056
0.001398
0.001844
0.002432
0.003202
0.004197
0.005475
0.007111
0.009197
0.011848
0.015202
0.019427
0.024725
0.031372
0.039710
0.049067
0.062426
0.082296
0.099796
0.119210
0.139181
0.164861
0.185871
0.172418
0.101140
0.019630
0.000153
0.000000
0.000000
0.000000
0.000000
0.000000
0.000000
0.000000
0.000000
0.000000
0.000000
0.000000
0.000000
0.000000
0.000000
0.000000
0.000000
0.000000
0.000000
0.000000
0.000000
0.000000
0.000000
0.000000
0.000000
0.000000
0.000000
0.000000
0.000000
0.000000
0.000000
0.000000
0.000000
0.000000
0.000000
0.000000
0.000000
0.000000
0.000000
0.000000
0.000000
0.000000
0.000000
0.000000
0.000000
0.000000
0.000000
0.000000
0.000000
0.000000
0.000000
0.000000
0.000000
0.000000
0.000000
0.000000
0.000000
0.000001
0.000001
0.000002
0.000004
0.000006
0.000010
0.000017
0.000026
0.000040
0.000060
0.000089
0.000132
0.000194
0.000277
0.000369
0.000487
0.000637
0.000838
0.001111
0.001466
0.001935
0.002551
0.003345
0.004367
0.005675
0.007344
0.009467
0.012154
0.015544
0.019802
0.025162
0.031931
0.039568
0.050562
0.067186
0.082214
0.099573
0.118768
0.138499
0.162565
0.184539
0.174208
0.106524
0.018415
0.000082
0.000000
0.000000
0.000000
0.000000
0.000000
0.000000
0.000000
0.000000
0.000000
0.000000
0.000000
0.000000
0.000000
0.000000
0.000000
0.000000
0.000000
0.000000
0.000000
0.000000
0.000000
0.000000
0.000000
0.000000
0.000000
0.000000
0.000000
0.000000
0.000000
0.000000
0.000000
0.000000
0.000000
0.000000
0.000000
0.000000
0.000000
0.000000
0.000000
0.000000
0.000000
0.000000
0.000000
0.000000
0.000000
0.000000
0.000000
0.000000
0.000000
0.000000
0.000000
0.000000
0.000000
0.000000
0.000000
0.000000
0.000001
0.000002
0.000003
0.000005
0.000008
0.000013
0.000020
0.000031
0.000047
0.000070
0.000103
0.000152
0.000218
0.000291
0.000385
0.000505
0.000665
0.000883
0.001165
0.001539
0.002031
0.002666
0.003483
0.004529
0.005865
0.007565
0.009718
0.012437
0.015857
0.020172
0.025650
0.031853
0.040831
0.054548
0.067154
0.082075
0.099253
0.118223
0.137710
0.160067
0.182902
0.175636
0.104610
0.014804
0.000042
0.000000
0.000000
0.000000
0.000000
0.000000
0.000000
0.000000
0.000000
0.000000
0.000000
0.000000
0.000000
0.000000
0.000000
0.000000
0.000000
0.000000
0.000000
0.000000
0.000000
0.000000
0.000000
0.000000
0.000000
0.000000
0.000000
0.000000
0.000000
0.000000
0.000000
0.000000
0.000000
0.000000
0.000000
0.000000
0.000000
0.000000
0.000000
0.000000
0.000000
0.000000
0.000000
0.000000
0.000000
0.000000
0.000000
0.000000
0.000000
0.000000
0.000000
0.000000
0.000000
0.000000
0.000000
0.000000
0.000001
0.000001
0.000002
0.000004
0.000006
0.000010
0.000015
0.000023
0.000036
0.000054
0.000080
0.000119
0.000171
0.000229
0.000303
0.000399
0.000527
0.000700
0.000925
0.001224
0.001617
0.002124
0.002777
0.003615
0.004684
0.006045
0.007771
0.009952
0.012697
0.016168
0.020593
0.025615
0.032908
0.044126
0.054544
0.067070
0.081850
0.098840
0.117576
0.136815
0.157379
0.180965
0.174520
0.097757
0.011719
0.000020
0.000000
0.000000
0.000000
0.000000
0.000000
0.000000
0.000000
0.000000
0.000000
0.000000
0.000000
0.000000
0.000000
0.000000
0.000000
0.000000
0.000000
0.000000
0.000000
0.000000
0.000000
0.000000
0.000000
0.000000
0.000000
0.000000
0.000000
0.000000
0.000000
0.000000
0.000000
0.000000
0.000000
0.000000
0.000000
0.000000
0.000000
0.000000
0.000000
0.000000
0.000000
0.000000
0.000000
0.000000
0.000000
0.000000
0.000000
0.000000
0.000000
0.000000
0.000000
0.000000
0.000000
0.000000
0.000000
0.000001
0.000002
0.000003
0.000004
0.000007
0.000011
0.000018
0.000028
0.000042
0.000062
0.000093
0.000134
0.000180
0.000239
0.000315
0.000417
0.000555
0.000734
0.000972
0.001286
0.001692
0.002214
0.002884
0.003740
0.004831
0.006214
0.007963
0.010166
0.012956
0.016527
0.020585
0.026489
0.035608
0.044137
0.054496
0.066914
0.081543
0.098335
0.116832
0.135818
0.154514
0.180306
0.171599
0.090892
0.009129
0.000010
0.000000
0.000000
0.000000
0.000000
0.000000
0.000000
0.000000
0.000000
0.000000
0.000000
0.000000
0.000000
0.000000
0.000000
0.000000
0.000000
0.000000
0.000000
0.000000
0.000000
0.000000
0.000000
0.000000
0.000000
0.000000
0.000000
0.000000
0.000000
0.000000
0.000000
0.000000
0.000000
0.000000
0.000000
0.000000
0.000000
0.000000
0.000000
0.000000
0.000000
0.000000
0.000000
0.000000
0.000000
0.000000
0.000000
0.000000
0.000000
0.000000
0.000000
0.000000
0.000000
0.000000
0.000000
0.000001
0.000001
0.000002
0.000003
0.000005
0.000009
0.000014
0.000021
0.000032
0.000048
0.000072
0.000104
0.000141
0.000188
0.000249
0.000330
0.000439
0.000582
0.000772
0.001022
0.001346
0.001764
0.002300
0.002986
0.003859
0.004968
0.006371
0.008140
0.010382
0.013261
0.016535
0.021304
0.028688
0.035625
0.044108
0.054385
0.066687
0.081157
0.097743
0.115992
0.134721
0.153998
0.180425
0.168346
0.084076
0.007323
0.000005
0.000000
0.000000
0.000000
0.000000
0.000000
0.000000
0.000000
0.000000
0.000000
0.000000
0.000000
0.000000
0.000000
0.000000
0.000000
0.000000
0.000000
0.000000
0.000000
0.000000
0.000000
0.000000
0.000000
0.000000
0.000000
0.000000
0.000000
0.000000
0.000000
0.000000
0.000000
0.000000
0.000000
0.000000
0.000000
0.000000
0.000000
0.000000
0.000000
0.000000
0.000000
0.000000
0.000000
0.000000
0.000000
0.000000
0.000000
0.000000
0.000000
0.000000
0.000000
0.000000
0.000000
0.000000
0.000001
0.000001
0.000002
0.000004
0.000006
0.000010
0.000016
0.000025
0.000037
0.000056
0.000081
0.000110
0.000147
0.000196
0.000260
0.000347
0.000461
0.000612
0.000811
0.001070
0.001404
0.001833
0.002382
0.003082
0.003971
0.005097
0.006516
0.008318
0.010639
0.013277
0.017124
0.023087
0.028704
0.035606
0.044028
0.054215
0.066391
0.080694
0.097065
0.115061
0.135068
0.155033
0.180272
0.164784
0.079485
0.005875
0.000003
0.000000
0.000000
0.000000
0.000000
0.000000
0.000000
0.000000
0.000000
0.000000
0.000000
0.000000
0.000000
0.000000
0.000000
0.000000
0.000000
0.000000
0.000000
0.000000
0.000000
0.000000
0.000000
0.000000
0.000000
0.000000
0.000000
0.000000
0.000000
0.000000
0.000000
0.000000
0.000000
0.000000
0.000000
0.000000
0.000000
0.000000
0.000000
0.000000
0.000000
0.000000
0.000000
0.000000
0.000000
0.000000
0.000000
0.000000
0.000000
0.000000
0.000000
0.000000
0.000000
0.000000
0.000001
0.000001
0.000002
0.000003
0.000005
0.000008
0.000012
0.000019
0.000029
0.000043
0.000063
0.000086
0.000115
0.000154
0.000205
0.000274
0.000364
0.000484
0.000644
0.000850
0.001117
0.001460
0.001900
0.002461
0.003173
0.004076
0.005216
0.006664
0.008533
0.010659
0.013758
0.018564
0.023100
0.028690
0.035545
0.043897
0.053987
0.066030
0.080156
0.096306
0.115522
0.136320
0.155872
0.179846
0.163321
0.075489
0.005028
0.000003
0.000000
0.000000
0.000000
0.000000
0.000000
0.000000
0.000000
0.000000
0.000000
0.000000
0.000000
0.000000
0.000000
0.000000
0.000000
0.000000
0.000000
0.000000
0.000000
0.000000
0.000000
0.000000
0.000000
0.000000
0.000000
0.000000
0.000000
0.000000
0.000000
0.000000
0.000000
0.000000
0.000000
0.000000
0.000000
0.000000
0.000000
0.000000
0.000000
0.000000
0.000000
0.000000
0.000000
0.000000
0.000000
0.000000
0.000000
0.000000
0.000000
0.000000
0.000000
0.000000
0.000000
0.000001
0.000001
0.000002
0.000004
0.000006
0.000009
0.000014
0.000022
0.000033
0.000049
0.000067
0.000090
0.000120
0.000161
0.000216
0.000287
0.000383
0.000510
0.000674
0.000888
0.001162
0.001514
0.001963
0.002534
0.003258
0.004173
0.005337
0.006843
0.008554
0.011049
0.014918
0.018572
0.023086
0.028640
0.035441
0.043718
0.053703
0.065604
0.079547
0.096784
0.116876
0.137433
0.156511
0.180425
0.162357
0.073451
0.005291
0.000002
0.000000
0.000000
0.000000
0.000000
0.000000
0.000000
0.000000
0.000000
0.000000
0.000000
0.000000
0.000000
0.000000
0.000000
0.000000
0.000000
0.000000
0.000000
0.000000
0.000000
0.000000
0.000000
0.000000
0.000000
0.000000
0.000000
0.000000
0.000000
0.000000
0.000000
0.000000
0.000000
0.000000
0.000000
0.000000
0.000000
0.000000
0.000000
0.000000
0.000000
0.000000
0.000000
0.000000
0.000000
0.000000
0.000000
0.000000
0.000000
0.000000
0.000000
0.000000
0.000000
0.000001
0.000001
0.000002
0.000003
0.000004
0.000007
0.000011
0.000017
0.000026
0.000038
0.000052
0.000070
0.000094
0.000126
0.000169
0.000226
0.000302
0.000403
0.000534
0.000704
0.000924
0.001205
0.001565
0.002023
0.002603
0.003338
0.004272
0.005485
0.006863
0.008870
0.011982
0.014922
0.018558
0.023043
0.028555
0.035297
0.043491
0.053364
0.065117
0.079992
0.098067
0.118121
0.138402
0.157286
0.181197
0.162431
0.076774
0.005529
0.000002
0.000000
0.000000
0.000000
0.000000
0.000000
0.000000
0.000000
0.000000
0.000000
0.000000
0.000000
0.000000
0.000000
0.000000
0.000000
0.000000
0.000000
0.000000
0.000000
0.000000
0.000000
0.000000
0.000000
0.000000
0.000000
0.000000
0.000000
0.000000
0.000000
0.000000
0.000000
0.000000
0.000000
0.000000
0.000000
0.000000
0.000000
0.000000
0.000000
0.000000
0.000000
0.000000
0.000000
0.000000
0.000000
0.000000
0.000000
0.000000
0.000000
0.000000
0.000000
0.000000
0.000001
0.000001
0.000002
0.000003
0.000005
0.000008
0.000013
0.000020
0.000029
0.000040
0.000054
0.000073
0.000099
0.000133
0.000178
0.000238
0.000318
0.000423
0.000558
0.000733
0.000958
0.001246
0.001613
0.002078
0.002667
0.003419
0.004395
0.005503
0.007118
0.009619
0.011981
0.014906
0.018519
0.022971
0.028436
0.035113
0.043219
0.052974
0.065506
0.081127
0.099264
0.119254
0.139248
0.158003
0.181747
0.165570
0.079986
0.005737
0.000002
0.000000
0.000000
0.000000
0.000000
0.000000
0.000000
0.000000
0.000000
0.000000
0.000000
0.000000
0.000000
0.000000
0.000000
0.000000
0.000000
0.000000
0.000000
0.000000
0.000000
0.000000
0.000000
0.000000
0.000000
0.000000
0.000000
0.000000
0.000000
0.000000
0.000000
0.000000
0.000000
0.000000
0.000000
0.000000
0.000000
0.000000
0.000000
0.000000
0.000000
0.000000
0.000000
0.000000
0.000000
0.000000
0.000000
0.000000
0.000000
0.000000
0.000000
0.000000
0.000000
0.000001
0.000001
0.000002
0.000004
0.000006
0.000010
0.000015
0.000022
0.000031
0.000042
0.000057
0.000077
0.000104
0.000139
0.000187
0.000250
0.000333
0.000441
0.000581
0.000761
0.000991
0.001285
0.001658
0.002130
0.002734
0.003519
0.004411
0.005709
0.007717
0.009614
0.011964
0.014870
0.018456
0.022871
0.028284
0.034891
0.042903
0.053298
0.066469
0.082194
0.100373
0.119990
0.140055
0.158011
0.181884
0.168431
0.083073
0.005912
0.000001
0.000000
0.000000
0.000000
0.000000
0.000000
0.000000
0.000000
0.000000
0.000000
0.000000
0.000000
0.000000
0.000000
0.000000
0.000000
0.000000
0.000000
0.000000
0.000000
0.000000
0.000000
0.000000
0.000000
0.000000
0.000000
0.000000
0.000000
0.000000
0.000000
0.000000
0.000000
0.000000
0.000000
0.000000
0.000000
0.000000
0.000000
0.000000
0.000000
0.000000
0.000000
0.000000
0.000000
0.000000
0.000000
0.000000
0.000000
0.000000
0.000000
0.000000
0.000000
0.000001
0.000001
0.000002
0.000003
0.000005
0.000007
0.000011
0.000017
0.000023
0.000032
0.000044
0.000060
0.000081
0.000109
0.000146
0.000197
0.000263
0.000349
0.000460
0.000603
0.000787
0.001022
0.001321
0.001700
0.002184
0.002816
0.003533
0.004575
0.006188
0.007710
0.009595
0.011930
0.014814
0.018370
0.022743
0.028101
0.034632
0.043165
0.054093
0.067378
0.083190
0.100926
0.120545
0.140445
0.156918
0.181771
0.171014
0.086023
0.006050
0.000001
0.000000
0.000000
0.000000
0.000000
0.000000
0.000000
0.000000
0.000000
0.000000
0.000000
0.000000
0.000000
0.000000
0.000000
0.000000
0.000000
0.000000
0.000000
0.000000
0.000000
0.000000
0.000000
0.000000
0.000000
0.000000
0.000000
0.000000
0.000000
0.000000
0.000000
0.000000
0.000000
0.000000
0.000000
0.000000
0.000000
0.000000
0.000000
0.000000
0.000000
0.000000
0.000000
0.000000
0.000000
0.000000
0.000000
0.000000
0.000000
0.000000
0.000000
0.000000
0.000001
0.000001
0.000002
0.000003
0.000005
0.000008
0.000013
0.000018
0.000025
0.000034
0.000046
0.000063
0.000085
0.000114
0.000154
0.000206
0.000275
0.000363
0.000477
0.000624
0.000812
0.001051
0.001355
0.001743
0.002251
0.002827
0.003665
0.004958
0.006178
0.007690
0.009563
0.011879
0.014739
0.018262
0.022590
0.027887
0.034839
0.043808
0.054844
0.068230
0.083556
0.101259
0.120625
0.139787
0.156714
0.181415
0.173317
0.088822
0.006148
0.000001
0.000000
0.000000
0.000000
0.000000
0.000000
0.000000
0.000000
0.000000
0.000000
0.000000
0.000000
0.000000
0.000000
0.000000
0.000000
0.000000
0.000000
0.000000
0.000000
0.000000
0.000000
0.000000
0.000000
0.000000
0.000000
0.000000
0.000000
0.000000
0.000000
0.000000
0.000000
0.000000
0.000000
0.000000
0.000000
0.000000
0.000000
0.000000
0.000000
0.000000
0.000000
0.000000
0.000000
0.000000
0.000000
0.000000
0.000000
0.000000
0.000000
0.000000
0.000001
0.000001
0.000002
0.000002
0.000004
0.000006
0.000010
0.000014
0.000019
0.000026
0.000036
0.000049
0.000066
0.000089
0.000120
0.000162
0.000216
0.000286
0.000377
0.000494
0.000644
0.000835
0.001078
0.001390
0.001798
0.002260
0.002932
0.003969
0.004947
0.006158
0.007659
0.009517
0.011813
0.014645
0.018131
0.022411
0.028045
0.035351
0.044416
0.055550
0.068434
0.083687
0.101140
0.119578
0.139043
0.156410
0.180824
0.175340
0.091460
0.006202
0.000001
0.000000
0.000000
0.000000
0.000000
0.000000
0.000000
0.000000
0.000000
0.000000
0.000000
0.000000
0.000000
0.000000
0.000000
0.000000
0.000000
0.000000
0.000000
0.000000
0.000000
0.000000
0.000000
0.000000
0.000000
0.000000
0.000000
0.000000
0.000000
0.000000
0.000000
0.000000
0.000000
0.000000
0.000000
0.000000
0.000000
0.000000
0.000000
0.000000
0.000000
0.000000
0.000000
0.000000
0.000000
0.000000
0.000000
0.000000
0.000000
0.000000
0.000000
0.000001
0.000001
0.000002
0.000003
0.000005
0.000007
0.000010
0.000014
0.000020
0.000027
0.000037
0.000051
0.000069
0.000094
0.000126
0.000169
0.000225
0.000297
0.000390
0.000510
0.000662
0.000857
0.001106
0.001434
0.001805
0.002344
0.003175
0.003958
0.004927
0.006129
0.007617
0.009458
0.011731
0.014533
0.017980
0.022529
0.028448
0.035834
0.044986
0.055625
0.068404
0.083411
0.099947
0.118441
0.138213
0.156003
0.180004
0.177081
0.093924
0.006212
0.000000
0.000000
0.000000
0.000000
0.000000
0.000000
0.000000
0.000000
0.000000
0.000000
0.000000
0.000000
0.000000
0.000000
0.000000
0.000000
0.000000
0.000000
0.000000
0.000000
0.000000
0.000000
0.000000
0.000000
0.000000
0.000000
0.000000
0.000000
0.000000
0.000000
0.000000
0.000000
0.000000
0.000000
0.000000
0.000000
0.000000
0.000000
0.000000
0.000000
0.000000
0.000000
0.000000
0.000000
0.000000
0.000000
0.000000
0.000000
0.000000
0.000000
0.000000
0.000001
0.000001
0.000002
0.000003
0.000005
0.000008
0.000011
0.000015
0.000021
0.000029
0.000039
0.000053
0.000073
0.000098
0.000132
0.000176
0.000233
0.000307
0.000402
0.000524
0.000679
0.000879
0.001142
0.001439
0.001871
0.002536
0.003162
0.003938
0.004900
0.006091
0.007565
0.009386
0.011635
0.014405
0.018066
0.022842
0.028827
0.036287
0.044967
0.055480
0.068020
0.082171
0.098684
0.117215
0.137294
0.155490
0.178962
0.178541
0.096206
0.005875
0.000000
0.000000
0.000000
0.000000
0.000000
0.000000
0.000000
0.000000
0.000000
0.000000
0.000000
0.000000
0.000000
0.000000
0.000000
0.000000
0.000000
0.000000
0.000000
0.000000
0.000000
0.000000
0.000000
0.000000
0.000000
0.000000
0.000000
0.000000
0.000000
0.000000
0.000000
0.000000
0.000000
0.000000
0.000000
0.000000
0.000000
0.000000
0.000000
0.000000
0.000000
0.000000
0.000000
0.000000
0.000000
0.000000
0.000000
0.000000
0.000000
0.000000
0.000001
0.000001
0.000002
0.000003
0.000004
0.000006
0.000008
0.000011
0.000016
0.000022
0.000030
0.000041
0.000056
0.000076
0.000103
0.000138
0.000183
0.000242
0.000317
0.000414
0.000538
0.000697
0.000908
0.001146
0.001492
0.002024
0.002524
0.003144
0.003912
0.004865
0.006044
0.007502
0.009303
0.011524
0.014464
0.018307
0.023135
0.029181
0.036203
0.044746
0.055032
0.066800
0.080879
0.097353
0.115898
0.136284
0.154870
0.177703
0.179719
0.097075
0.004789
0.000000
0.000000
0.000000
0.000000
0.000000
0.000000
0.000000
0.000000
0.000000
0.000000
0.000000
0.000000
0.000000
0.000000
0.000000
0.000000
0.000000
0.000000
0.000000
0.000000
0.000000
0.000000
0.000000
0.000000
0.000000
0.000000
0.000000
0.000000
0.000000
0.000000
0.000000
0.000000
0.000000
0.000000
0.000000
0.000000
0.000000
0.000000
0.000000
0.000000
0.000000
0.000000
0.000000
0.000000
0.000000
0.000000
0.000000
0.000000
0.000000
0.000000
0.000001
0.000001
0.000002
0.000003
0.000004
0.000006
0.000009
0.000012
0.000017
0.000023
0.000032
0.000043
0.000059
0.000080
0.000107
0.000143
0.000189
0.000249
0.000326
0.000425
0.000552
0.000721
0.000911
0.001187
0.001612
0.002012
0.002506
0.003120
0.003881
0.004822
0.005988
0.007429
0.009208
0.011564
0.014647
0.018531
0.023408
0.029054
0.035937
0.044270
0.053876
0.065543
0.079534
0.095951
0.114490
0.135183
0.154140
0.176232
0.180328
0.094480
0.003796
0.000000
0.000000
0.000000
0.000000
0.000000
0.000000
0.000000
0.000000
0.000000
0.000000
0.000000
0.000000
0.000000
0.000000
0.000000
0.000000
0.000000
0.000000
0.000000
0.000000
0.000000
0.000000
0.000000
0.000000
0.000000
0.000000
0.000000
0.000000
0.000000
0.000000
0.000000
0.000000
0.000000
0.000000
0.000000
0.000000
0.000000
0.000000
0.000000
0.000000
0.000000
0.000000
0.000000
0.000000
0.000000
0.000000
0.000000
0.000000
0.000000
0.000000
0.000001
0.000001
0.000002
0.000003
0.000005
0.000006
0.000009
0.000013
0.000017
0.000024
0.000033
0.000046
0.000062
0.000083
0.000111
0.000148
0.000195
0.000256
0.000335
0.000436
0.000571
0.000723
0.000943
0.001282
0.001601
0.001995
0.002485
0.003091
0.003843
0.004773
0.005924
0.007346
0.009232
0.011702
0.014817
0.018738
0.023258
0.028768
0.035460
0.043201
0.052692
0.064247
0.078138
0.094479
0.112988
0.133987
0.153296
0.174853
0.179960
0.091522
0.002882
0.000000
0.000000
0.000000
0.000000
0.000000
0.000000
0.000000
0.000000
0.000000
0.000000
0.000000
0.000000
0.000000
0.000000
0.000000
0.000000
0.000000
0.000000
0.000000
0.000000
0.000000
0.000000
0.000000
0.000000
0.000000
0.000000
0.000000
0.000000
0.000000
0.000000
0.000000
0.000000
0.000000
0.000000
0.000000
0.000000
0.000000
0.000000
0.000000
0.000000
0.000000
0.000000
0.000000
0.000000
0.000000
0.000000
0.000000
0.000000
0.000000
0.000001
0.000001
0.000002
0.000002
0.000003
0.000005
0.000007
0.000009
0.000013
0.000018
0.000025
0.000035
0.000048
0.000064
0.000086
0.000115
0.000153
0.000201
0.000263
0.000344
0.000451
0.000572
0.000748
0.001018
0.001272
0.001586
0.001975
0.002459
0.003058
0.003800
0.004718
0.005853
0.007359
0.009334
0.011828
0.014972
0.018577
0.022969
0.028308
0.034491
0.042115
0.051483
0.062914
0.076689
0.092936
0.111475
0.132694
0.152520
0.174109
0.179378
0.087974
0.001960
0.000000
0.000000
0.000000
0.000000
0.000000
0.000000
0.000000
0.000000
0.000000
0.000000
0.000000
0.000000
0.000000
0.000000
0.000000
0.000000
0.000000
0.000000
0.000000
0.000000
0.000000
0.000000
0.000000
0.000000
0.000000
0.000000
0.000000
0.000000
0.000000
0.000000
0.000000
0.000000
0.000000
0.000000
0.000000
0.000000
0.000000
0.000000
0.000000
0.000000
0.000000
0.000000
0.000000
0.000000
0.000000
0.000000
0.000000
0.000000
0.000000
0.000001
0.000001
0.000002
0.000002
0.000003
0.000005
0.000007
0.000010
0.000014
0.000019
0.000027
0.000036
0.000050
0.000067
0.000089
0.000119
0.000157
0.000206
0.000270
0.000355
0.000452
0.000591
0.000806
0.001008
0.001258
0.001568
0.001952
0.002429
0.003020
0.003751
0.004656
0.005857
0.007434
0.009426
0.011942
0.014810
0.018297
0.022537
0.027443
0.033512
0.041012
0.050248
0.061544
0.075189
0.091321
0.109929
0.131530
0.152118
0.173244
0.178527
0.082775
0.001267
0.000000
0.000000
0.000000
0.000000
0.000000
0.000000
0.000000
0.000000
0.000000
0.000000
0.000000
0.000000
0.000000
0.000000
0.000000
0.000000
0.000000
0.000000
0.000000
0.000000
0.000000
0.000000
0.000000
0.000000
0.000000
0.000000
0.000000
0.000000
0.000000
0.000000
0.000000
0.000000
0.000000
0.000000
0.000000
0.000000
0.000000
0.000000
0.000000
0.000000
0.000000
0.000000
0.000000
0.000000
0.000000
0.000000
0.000000
0.000000
0.000000
0.000001
0.000001
0.000002
0.000003
0.000004
0.000005
0.000007
0.000010
0.000015
0.000020
0.000028
0.000038
0.000051
0.000069
0.000092
0.000122
0.000161
0.000212
0.000279
0.000356
0.000467
0.000637
0.000797
0.000995
0.001242
0.001547
0.001926
0.002396
0.002977
0.003698
0.004655
0.005911
0.007500
0.009509
0.011785
0.014547
0.017901
0.021774
0.026574
0.032524
0.039893
0.048988
0.060138
0.073636
0.089635
0.108524
0.130870
0.151613
0.172316
0.177167
0.077015
0.000811
0.000000
0.000000
0.000000
0.000000
0.000000
0.000000
0.000000
0.000000
0.000000
0.000000
0.000000
0.000000
0.000000
0.000000
0.000000
0.000000
0.000000
0.000000
0.000000
0.000000
0.000000
0.000000
0.000000
0.000000
0.000000
0.000000
0.000000
0.000000
0.000000
0.000000
0.000000
0.000000
0.000000
0.000000
0.000000
0.000000
0.000000
0.000000
0.000000
0.000000
0.000000
0.000000
0.000000
0.000000
0.000000
0.000000
0.000000
0.000000
0.000001
0.000001
0.000001
0.000002
0.000003
0.000004
0.000005
0.000008
0.000011
0.000015
0.000021
0.000029
0.000039
0.000053
0.000071
0.000095
0.000125
0.000165
0.000219
0.000279
0.000367
0.000502
0.000629
0.000786
0.000981
0.001223
0.001524
0.001897
0.002359
0.002931
0.003692
0.004692
0.005958
0.007559
0.009361
0.011543
0.014189
0.017235
0.021011
0.025700
0.031527
0.038759
0.047705
0.058695
0.072032
0.088063
0.107622
0.130123
0.151035
0.171604
0.174725
0.071722
0.000520
0.000000
0.000000
0.000000
0.000000
0.000000
0.000000
0.000000
0.000000
0.000000
0.000000
0.000000
0.000000
0.000000
0.000000
0.000000
0.000000
0.000000
0.000000
0.000000
0.000000
0.000000
0.000000
0.000000
0.000000
0.000000
0.000000
0.000000
0.000000
0.000000
0.000000
0.000000
0.000000
0.000000
0.000000
0.000000
0.000000
0.000000
0.000000
0.000000
0.000000
0.000000
0.000000
0.000000
0.000000
0.000000
0.000000
0.000000
0.000000
0.000001
0.000001
0.000001
0.000002
0.000003
0.000004
0.000006
0.000008
0.000011
0.000016
0.000022
0.000030
0.000041
0.000055
0.000073
0.000097
0.000129
0.000171
0.000219
0.000288
0.000395
0.000495
0.000619
0.000773
0.000965
0.001203
0.001498
0.001865
0.002319
0.002923
0.003717
0.004724
0.005997
0.007423
0.009143
0.011224
0.013612
0.016571
0.020248
0.024824
0.030522
0.037610
0.046398
0.057217
0.070535
0.086905
0.106647
0.129326
0.150541
0.169887
0.171931
0.067138
0.000337
0.000000
0.000000
0.000000
0.000000
0.000000
0.000000
0.000000
0.000000
0.000000
0.000000
0.000000
0.000000
0.000000
0.000000
0.000000
0.000000
0.000000
0.000000
0.000000
0.000000
0.000000
0.000000
0.000000
0.000000
0.000000
0.000000
0.000000
0.000000
0.000000
0.000000
0.000000
0.000000
0.000000
0.000000
0.000000
0.000000
0.000000
0.000000
0.000000
0.000000
0.000000
0.000000
0.000000
0.000000
0.000000
0.000000
0.000000
0.000000
0.000001
0.000001
0.000001
0.000002
0.000003
0.000004
0.000006
0.000009
0.000012
0.000017
0.000023
0.000031
0.000042
0.000056
0.000075
0.000100
0.000133
0.000170
0.000225
0.000309
0.000388
0.000486
0.000608
0.000759
0.000947
0.001181
0.001471
0.001830
0.002309
0.002939
0.003738
0.004750
0.005875
0.007228
0.008862
0.010728
0.013039
0.015910
0.019486
0.023945
0.029510
0.036448
0.045068
0.055835
0.069397
0.085669
0.105631
0.128657
0.149169
0.167499
0.169213
0.063263
0.000222
0.000000
0.000000
0.000000
0.000000
0.000000
0.000000
0.000000
0.000000
0.000000
0.000000
0.000000
0.000000
0.000000
0.000000
0.000000
0.000000
0.000000
0.000000
0.000000
0.000000
0.000000
0.000000
0.000000
0.000000
0.000000
0.000000
0.000000
0.000000
0.000000
0.000000
0.000000
0.000000
0.000000
0.000000
0.000000
0.000000
0.000000
0.000000
0.000000
0.000000
0.000000
0.000000
0.000000
0.000000
0.000000
0.000000
0.000000
0.000000
0.000001
0.000001
0.000001
0.000002
0.000003
0.000004
0.000006
0.000009
0.000012
0.000017
0.000023
0.000032
0.000043
0.000058
0.000077
0.000103
0.000132
0.000175
0.000242
0.000304
0.000381
0.000477
0.000596
0.000744
0.000928
0.001157
0.001441
0.001820
0.002319
0.002952
0.003754
0.004640
0.005703
0.006983
0.008438
0.010238
0.012472
0.015254
0.018725
0.023065
0.028493
0.035274
0.043822
0.054753
0.068201
0.084382
0.104741
0.127233
0.147264
0.164804
0.166582
0.060088
0.000150
0.000000
0.000000
0.000000
0.000000
0.000000
0.000000
0.000000
0.000000
0.000000
0.000000
0.000000
0.000000
0.000000
0.000000
0.000000
0.000000
0.000000
0.000000
0.000000
0.000000
0.000000
0.000000
0.000000
0.000000
0.000000
0.000000
0.000000
0.000000
0.000000
0.000000
0.000000
0.000000
0.000000
0.000000
0.000000
0.000000
0.000000
0.000000
0.000000
0.000000
0.000000
0.000000
0.000000
0.000000
0.000000
0.000000
0.000000
0.000000
0.000001
0.000001
0.000002
0.000002
0.000003
0.000005
0.000007
0.000009
0.000013
0.000018
0.000024
0.000033
0.000044
0.000059
0.000079
0.000102
0.000136
0.000188
0.000237
0.000297
0.000372
0.000466
0.000583
0.000728
0.000908
0.001132
0.001431
0.001825
0.002325
0.002960
0.003657
0.004490
0.005491
0.006623
0.008021
0.009754
0.011911
0.014602
0.017968
0.022184
0.027470
0.034170
0.042820
0.053629
0.066970
0.083173
0.103229
0.125308
0.145152
0.161797
0.164036
0.057603
0.000111
0.000000
0.000000
0.000000
0.000000
0.000000
0.000000
0.000000
0.000000
0.000000
0.000000
0.000000
0.000000
0.000000
0.000000
0.000000
0.000000
0.000000
0.000000
0.000000
0.000000
0.000000
0.000000
0.000000
0.000000
0.000000
0.000000
0.000000
0.000000
0.000000
0.000000
0.000000
0.000000
0.000000
0.000000
0.000000
0.000000
0.000000
0.000000
0.000000
0.000000
0.000000
0.000000
0.000000
0.000000
0.000000
0.000000
0.000000
0.000000
0.000001
0.000001
0.000002
0.000002
0.000003
0.000005
0.000007
0.000010
0.000013
0.000018
0.000025
0.000034
0.000045
0.000061
0.000079
0.000105
0.000146
0.000184
0.000231
0.000290
0.000363
0.000455
0.000569
0.000710
0.000886
0.001122
0.001432
0.001827
0.002329
0.002876
0.003527
0.004308
0.005187
0.006270
0.007611
0.009278
0.011356
0.013955
0.017213
0.021304
0.026507
0.033263
0.041789
0.052482
0.065815
0.081450
0.101289
0.123160
0.142830
0.158469
0.161561
0.056548
0.000090
0.000000
0.000000
0.000000
0.000000
0.000000
0.000000
0.000000
0.000000
0.000000
0.000000
0.000000
0.000000
0.000000
0.000000
0.000000
0.000000
0.000000
0.000000
0.000000
0.000000
0.000000
0.000000
0.000000
0.000000
0.000000
0.000000
0.000000
0.000000
0.000000
0.000000
0.000000
0.000000
0.000000
0.000000
0.000000
0.000000
0.000000
0.000000
0.000000
0.000000
0.000000
0.000000
0.000000
0.000000
0.000000
0.000000
0.000000
0.000001
0.000001
0.000001
0.000002
0.000002
0.000003
0.000005
0.000007
0.000010
0.000014
0.000019
0.000025
0.000034
0.000047
0.000060
0.000081
0.000112
0.000142
0.000179
0.000225
0.000282
0.000354
0.000443
0.000554
0.000692
0.000877
0.001121
0.001432
0.001827
0.002256
0.002764
0.003373
0.004052
0.004890
0.005925
0.007209
0.008809
0.010809
0.013315
0.016463
0.020474
0.025700
0.032337
0.040745
0.051404
0.064256
0.079387
0.099148
0.120788
0.140297
0.154811
0.159518
0.056759
0.000084
0.000000
0.000000
0.000000
0.000000
0.000000
0.000000
0.000000
0.000000
0.000000
0.000000
0.000000
0.000000
0.000000
0.000000
0.000000
0.000000
0.000000
0.000000
0.000000
0.000000
0.000000
0.000000
0.000000
0.000000
0.000000
0.000000
0.000000
0.000000
0.000000
0.000000
0.000000
0.000000
0.000000
0.000000
0.000000
0.000000
0.000000
0.000000
0.000000
0.000000
0.000000
0.000000
0.000000
0.000000
0.000000
0.000000
0.000000
0.000001
0.000001
0.000001
0.000002
0.000003
0.000004
0.000005
0.000007
0.000010
0.000014
0.000019
0.000026
0.000035
0.000046
0.000062
0.000086
0.000109
0.000138
0.000174
0.000218
0.000274
0.000343
0.000430
0.000538
0.000683
0.000875
0.001119
0.001430
0.001764
0.002161
0.002633
0.003158
0.003804
0.004601
0.005588
0.006816
0.008349
0.010269
0.012681
0.015755
0.019768
0.024883
0.031405
0.039761
0.050015
0.062423
0.077347
0.096809
0.118193
0.137548
0.150690
0.157752
0.060031
0.000084
0.000000
0.000000
0.000000
0.000000
0.000000
0.000000
0.000000
0.000000
0.000000
0.000000
0.000000
0.000000
0.000000
0.000000
0.000000
0.000000
0.000000
0.000000
0.000000
0.000000
0.000000
0.000000
0.000000
0.000000
0.000000
0.000000
0.000000
0.000000
0.000000
0.000000
0.000000
0.000000
0.000000
0.000000
0.000000
0.000000
0.000000
0.000000
0.000000
0.000000
0.000000
0.000000
0.000000
0.000000
0.000000
0.000000
0.000000
0.000001
0.000001
0.000001
0.000002
0.000003
0.000004
0.000005
0.000007
0.000010
0.000014
0.000019
0.000027
0.000035
0.000047
0.000066
0.000084
0.000106
0.000133
0.000168
0.000211
0.000265
0.000333
0.000417
0.000530
0.000680
0.000871
0.001115
0.001376
0.001684
0.002050
0.002455
0.002951
0.003563
0.004320
0.005260
0.006432
0.007898
0.009738
0.012083
0.015146
0.019058
0.024066
0.030526
0.038542
0.048416
0.060463
0.075150
0.094275
0.115374
0.134536
0.146109
0.158601
0.064281
0.000070
0.000000
0.000000
0.000000
0.000000
0.000000
0.000000
0.000000
0.000000
0.000000
0.000000
0.000000
0.000000
0.000000
0.000000
0.000000
0.000000
0.000000
0.000000
0.000000
0.000000
0.000000
0.000000
0.000000
0.000000
0.000000
0.000000
0.000000
0.000000
0.000000
0.000000
0.000000
0.000000
0.000000
0.000000
0.000000
0.000000
0.000000
0.000000
0.000000
0.000000
0.000000
0.000000
0.000000
0.000000
0.000000
0.000000
0.000000
0.000001
0.000001
0.000001
0.000002
0.000003
0.000004
0.000005
0.000008
0.000011
0.000015
0.000020
0.000026
0.000036
0.000050
0.000064
0.000081
0.000102
0.000129
0.000162
0.000204
0.000256
0.000322
0.000410
0.000527
0.000676
0.000867
0.001070
0.001309
0.001592
0.001903
0.002283
0.002752
0.003330
0.004048
0.004940
0.006056
0.007455
0.009237
0.011562
0.014536
0.018351
0.023293
0.029469
0.037166
0.046725
0.058385
0.072800
0.091550
0.112204
0.131262
0.142062
0.159267
0.066836
0.000051
0.000000
0.000000
0.000000
0.000000
0.000000
0.000000
0.000000
0.000000
0.000000
0.000000
0.000000
0.000000
0.000000
0.000000
0.000000
0.000000
0.000000
0.000000
0.000000
0.000000
0.000000
0.000000
0.000000
0.000000
0.000000
0.000000
0.000000
0.000000
0.000000
0.000000
0.000000
0.000000
0.000000
0.000000
0.000000
0.000000
0.000000
0.000000
0.000000
0.000000
0.000000
0.000000
0.000000
0.000000
0.000000
0.000000
0.000000
0.000001
0.000001
0.000001
0.000002
0.000003
0.000004
0.000006
0.000008
0.000011
0.000015
0.000020
0.000027
0.000038
0.000048
0.000061
0.000078
0.000098
0.000124
0.000156
0.000197
0.000247
0.000315
0.000406
0.000523
0.000671
0.000829
0.001013
0.001232
0.001470
0.001761
0.002119
0.002560
0.003105
0.003784
0.004630
0.005690
0.007038
0.008796
0.011045
0.013932
0.017682
0.022389
0.028299
0.035724
0.044948
0.056199
0.070304
0.088482
0.108706
0.127903
0.139906
0.159233
0.068586
0.000039
0.000000
0.000000
0.000000
0.000000
0.000000
0.000000
0.000000
0.000000
0.000000
0.000000
0.000000
0.000000
0.000000
0.000000
0.000000
0.000000
0.000000
0.000000
0.000000
0.000000
0.000000
0.000000
0.000000
0.000000
0.000000
0.000000
0.000000
0.000000
0.000000
0.000000
0.000000
0.000000
0.000000
0.000000
0.000000
0.000000
0.000000
0.000000
0.000000
0.000000
0.000000
0.000000
0.000000
0.000000
0.000000
0.000000
0.000000
0.000001
0.000001
0.000001
0.000002
0.000003
0.000004
0.000006
0.000008
0.000011
0.000015
0.000020
0.000028
0.000036
0.000046
0.000059
0.000074
0.000094
0.000119
0.000150
0.000189
0.000242
0.000312
0.000402
0.000518
0.000639
0.000782
0.000950
0.001132
0.001354
0.001626
0.001961
0.002375
0.002889
0.003529
0.004329
0.005345
0.006669
0.008361
0.010535
0.013361
0.016918
0.021404
0.027084
0.034225
0.043095
0.053914
0.067519
0.085106
0.104548
0.124177
0.137717
0.158692
0.070891
0.000031
0.000000
0.000000
0.000000
0.000000
0.000000
0.000000
0.000000
0.000000
0.000000
0.000000
0.000000
0.000000
0.000000
0.000000
0.000000
0.000000
0.000000
0.000000
0.000000
0.000000
0.000000
0.000000
0.000000
0.000000
0.000000
0.000000
0.000000
0.000000
0.000000
0.000000
0.000000
0.000000
0.000000
0.000000
0.000000
0.000000
0.000000
0.000000
0.000000
0.000000
0.000000
0.000000
0.000000
0.000000
0.000000
0.000000
0.000000
0.000001
0.000001
0.000001
0.000002
0.000003
0.000004
0.000006
0.000008
0.000011
0.000015
0.000021
0.000027
0.000035
0.000044
0.000056
0.000071
0.000090
0.000114
0.000144
0.000184
0.000239
0.000308
0.000398
0.000491
0.000601
0.000729
0.000868
0.001037
0.001243
0.001497
0.001810
0.002198
0.002680
0.003282
0.004046
0.005039
0.006306
0.007935
0.010052
0.012721
0.016097
0.020392
0.025832
0.032673
0.041173
0.051438
0.064483
0.080844
0.100049
0.120442
0.135276
0.157642
0.073790
0.000026
0.000000
0.000000
0.000000
0.000000
0.000000
0.000000
0.000000
0.000000
0.000000
0.000000
0.000000
0.000000
0.000000
0.000000
0.000000
0.000000
0.000000
0.000000
0.000000
0.000000
0.000000
0.000000
0.000000
0.000000
0.000000
0.000000
0.000000
0.000000
0.000000
0.000000
0.000000
0.000000
0.000000
0.000000
0.000000
0.000000
0.000000
0.000000
0.000000
0.000000
0.000000
0.000000
0.000000
0.000000
0.000000
0.000000
0.000000
0.000001
0.000001
0.000001
0.000002
0.000003
0.000004
0.000006
0.000008
0.000011
0.000016
0.000020
0.000026
0.000033
0.000042
0.000053
0.000068
0.000086
0.000109
0.000140
0.000181
0.000235
0.000304
0.000376
0.000460
0.000558
0.000663
0.000791
0.000947
0.001138
0.001374
0.001666
0.002028
0.002480
0.003051
0.003793
0.004739
0.005953
0.007532
0.009522
0.012043
0.015261
0.019357
0.024549
0.031079
0.039105
0.048809
0.060544
0.076327
0.095650
0.116557
0.132443
0.155980
0.077311
0.000024
0.000000
0.000000
0.000000
0.000000
0.000000
0.000000
0.000000
0.000000
0.000000
0.000000
0.000000
0.000000
0.000000
0.000000
0.000000
0.000000
0.000000
0.000000
0.000000
0.000000
0.000000
0.000000
0.000000
0.000000
0.000000
0.000000
0.000000
0.000000
0.000000
0.000000
0.000000
0.000000
0.000000
0.000000
0.000000
0.000000
0.000000
0.000000
0.000000
0.000000
0.000000
0.000000
0.000000
0.000000
0.000000
0.000000
0.000000
0.000001
0.000001
0.000001
0.000002
0.000003
0.000004
0.000006
0.000008
0.000011
0.000015
0.000019
0.000024
0.000031
0.000040
0.000051
0.000064
0.000082
0.000105
0.000137
0.000178
0.000231
0.000286
0.000350
0.000425
0.000504
0.000600
0.000718
0.000862
0.001039
0.001258
0.001529
0.001866
0.002293
0.002845
0.003548
0.004449
0.005620
0.007096
0.008967
0.011359
0.014413
0.018305
0.023240
0.029373
0.036922
0.045355
0.056446
0.071973
0.091203
0.112302
0.129187
0.153597
0.081460
0.000023
0.000000
0.000000
0.000000
0.000000
0.000000
0.000000
0.000000
0.000000
0.000000
0.000000
0.000000
0.000000
0.000000
0.000000
0.000000
0.000000
0.000000
0.000000
0.000000
0.000000
0.000000
0.000000
0.000000
0.000000
0.000000
0.000000
0.000000
0.000000
0.000000
0.000000
0.000000
0.000000
0.000000
0.000000
0.000000
0.000000
0.000000
0.000000
0.000000
0.000000
0.000000
0.000000
0.000000
0.000000
0.000000
0.000000
0.000000
0.000001
0.000001
0.000001
0.000002
0.000003
0.000004
0.000006
0.000008
0.000011
0.000014
0.000018
0.000023
0.000029
0.000038
0.000048
0.000061
0.000079
0.000103
0.000134
0.000175
0.000217
0.000265
0.000322
0.000381
0.000454
0.000542
0.000650
0.000782
0.000946
0.001148
0.001399
0.001715
0.002125
0.002645
0.003311
0.004175
0.005265
0.006645
0.008411
0.010671
0.013560
0.017242
0.021849
0.027585
0.034010
0.041823
0.052540
0.067655
0.086505
0.107672
0.125477
0.150386
0.086208
0.000015
0.000000
0.000000
0.000000
0.000000
0.000000
0.000000
0.000000
0.000000
0.000000
0.000000
0.000000
0.000000
0.000000
0.000000
0.000000
0.000000
0.000000
0.000000
0.000000
0.000000
0.000000
0.000000
0.000000
0.000000
0.000000
0.000000
0.000000
0.000000
0.000000
0.000000
0.000000
0.000000
0.000000
0.000000
0.000000
0.000000
0.000000
0.000000
0.000000
0.000000
0.000000
0.000000
0.000000
0.000000
0.000000
0.000000
0.000000
0.000001
0.000001
0.000001
0.000002
0.000003
0.000004
0.000006
0.000008
0.000010
0.000013
0.000017
0.000022
0.000028
0.000035
0.000045
0.000059
0.000077
0.000101
0.000131
0.000163
0.000200
0.000242
0.000287
0.000341
0.000407
0.000488
0.000586
0.000708
0.000858
0.001044
0.001278
0.001580
0.001963
0.002453
0.003089
0.003888
0.004901
0.006197
0.007857
0.009983
0.012703
0.016119
0.020400
0.025180
0.031063
0.038483
0.048728
0.063215
0.081570
0.102667
0.121284
0.146249
0.087589
0.000006
0.000000
0.000000
0.000000
0.000000
0.000000
0.000000
0.000000
0.000000
0.000000
0.000000
0.000000
0.000000
0.000000
0.000000
0.000000
0.000000
0.000000
0.000000
0.000000
0.000000
0.000000
0.000000
0.000000
0.000000
0.000000
0.000000
0.000000
0.000000
0.000000
0.000000
0.000000
0.000000
0.000000
0.000000
0.000000
0.000000
0.000000
0.000000
0.000000
0.000000
0.000000
0.000000
0.000000
0.000000
0.000000
0.000000
0.000000
0.000001
0.000001
0.000001
0.000002
0.000003
0.000004
0.000006
0.000007
0.000009
0.000012
0.000016
0.000020
0.000026
0.000033
0.000043
0.000057
0.000075
0.000098
0.000122
0.000150
0.000182
0.000215
0.000255
0.000304
0.000364
0.000437
0.000527
0.000638
0.000775
0.000947
0.001169
0.001450
0.001809
0.002274
0.002858
0.003598
0.004543
0.005755
0.007308
0.009299
0.011804
0.014956
0.018448
0.022774
0.028305
0.035264
0.044894
0.058678
0.076419
0.097292
0.116584
0.141940
0.085779
0.000002
0.000000
0.000000
0.000000
0.000000
0.000000
0.000000
0.000000
0.000000
0.000000
0.000000
0.000000
0.000000
0.000000
0.000000
0.000000
0.000000
0.000000
0.000000
0.000000
0.000000
0.000000
0.000000
0.000000
0.000000
0.000000
0.000000
0.000000
0.000000
0.000000
0.000000
0.000000
0.000000
0.000000
0.000000
0.000000
0.000000
0.000000
0.000000
0.000000
0.000000
0.000000
0.000000
0.000000
0.000000
0.000000
0.000000
0.000000
0.000001
0.000001
0.000001
0.000002
0.000003
0.000004
0.000005
0.000007
0.000009
0.000011
0.000015
0.000019
0.000024
0.000032
0.000042
0.000055
0.000073
0.000091
0.000111
0.000135
0.000160
0.000190
0.000226
0.000270
0.000324
0.000390
0.000471
0.000572
0.000699
0.000861
0.001066
0.001328
0.001666
0.002091
0.002628
0.003314
0.004192
0.005320
0.006766
0.008586
0.010879
0.013393
0.016516
0.020543
0.025677
0.032093
0.041065
0.054071
0.071080
0.091562
0.111861
0.137693
0.084506
0.000001
0.000000
0.000000
0.000000
0.000000
0.000000
0.000000
0.000000
0.000000
0.000000
0.000000
0.000000
0.000000
0.000000
0.000000
0.000000
0.000000
0.000000
0.000000
0.000000
0.000000
0.000000
0.000000
0.000000
0.000000
0.000000
0.000000
0.000000
0.000000
0.000000
0.000000
0.000000
0.000000
0.000000
0.000000
0.000000
0.000000
0.000000
0.000000
0.000000
0.000000
0.000000
0.000000
0.000000
0.000000
0.000000
0.000000
0.000000
0.000001
0.000001
0.000001
0.000002
0.000003
0.000004
0.000005
0.000006
0.000008
0.000010
0.000014
0.000017
0.000023
0.000031
0.000040
0.000053
0.000067
0.000082
0.000100
0.000118
0.000140
0.000167
0.000199
0.000239
0.000287
0.000347
0.000420
0.000512
0.000630
0.000779
0.000969
0.001214
0.001521
0.001909
0.002404
0.003038
0.003850
0.004894
0.006205
0.007856
0.009644
0.011865
0.014742
0.018441
0.023122
0.028987
0.037264
0.049425
0.065584
0.086128
0.107155
0.132750
0.083809
0.000000
0.000000
0.000000
0.000000
0.000000
0.000000
0.000000
0.000000
0.000000
0.000000
0.000000
0.000000
0.000000
0.000000
0.000000
0.000000
0.000000
0.000000
0.000000
0.000000
0.000000
0.000000
0.000000
0.000000
0.000000
0.000000
0.000000
0.000000
0.000000
0.000000
0.000000
0.000000
0.000000
0.000000
0.000000
0.000000
0.000000
0.000000
0.000000
0.000000
0.000000
0.000000
0.000000
0.000000
0.000000
0.000000
0.000000
0.000000
0.000001
0.000001
0.000001
0.000002
0.000003
0.000003
0.000004
0.000006
0.000007
0.000010
0.000012
0.000017
0.000022
0.000029
0.000039
0.000049
0.000060
0.000073
0.000087
0.000103
0.000122
0.000146
0.000175
0.000210
0.000253
0.000307
0.000373
0.000459
0.000566
0.000703
0.000880
0.001100
0.001379
0.001734
0.002188
0.002770
0.003518
0.004455
0.005634
0.006891
0.008450
0.010475
0.013090
0.016424
0.020653
0.025966
0.033520
0.044776
0.060499
0.080968
0.101998
0.127035
0.083710
0.000000
0.000000
0.000000
0.000000
0.000000
0.000000
0.000000
0.000000
0.000000
0.000000
0.000000
0.000000
0.000000
0.000000
0.000000
0.000000
0.000000
0.000000
0.000000
0.000000
0.000000
0.000000
0.000000
0.000000
0.000000
0.000000
0.000000
0.000000
0.000000
0.000000
0.000000
0.000000
0.000000
0.000000
0.000000
0.000000
0.000000
0.000000
0.000000
0.000000
0.000000
0.000000
0.000000
0.000000
0.000000
0.000000
0.000000
0.000000
0.000001
0.000001
0.000001
0.000002
0.000002
0.000003
0.000004
0.000005
0.000007
0.000009
0.000012
0.000016
0.000021
0.000028
0.000035
0.000044
0.000053
0.000063
0.000075
0.000089
0.000106
0.000127
0.000152
0.000184
0.000222
0.000270
0.000332
0.000409
0.000507
0.000633
0.000791
0.000990
0.001243
0.001567
0.001981
0.002513
0.003178
0.004012
0.004887
0.005969
0.007375
0.009195
0.011524
0.014502
0.018286
0.023050
0.029861
0.040545
0.055776
0.075499
0.096373
0.120473
0.084198
0.000000
0.000000
0.000000
0.000000
0.000000
0.000000
0.000000
0.000000
0.000000
0.000000
0.000000
0.000000
0.000000
0.000000
0.000000
0.000000
0.000000
0.000000
0.000000
0.000000
0.000000
0.000000
0.000000
0.000000
0.000000
0.000000
0.000000
0.000000
0.000000
0.000000
0.000000
0.000000
0.000000
0.000000
0.000000
0.000000
0.000000
0.000000
0.000000
0.000000
0.000000
0.000000
0.000000
0.000000
0.000000
0.000000
0.000000
0.000000
0.000001
0.000001
0.000001
0.000002
0.000002
0.000003
0.000004
0.000005
0.000006
0.000008
0.000011
0.000015
0.000020
0.000025
0.000031
0.000038
0.000045
0.000054
0.000064
0.000076
0.000091
0.000110
0.000132
0.000160
0.000194
0.000238
0.000293
0.000363
0.000453
0.000565
0.000706
0.000886
0.001115
0.001408
0.001784
0.002252
0.002837
0.003440
0.004183
0.005147
0.006396
0.007998
0.010053
0.012683
0.016033
0.020257
0.026574
0.036674
0.050926
0.069738
0.090269
0.113004
0.085202
0.000000
0.000000
0.000000
0.000000
0.000000
0.000000
0.000000
0.000000
0.000000
0.000000
0.000000
0.000000
0.000000
0.000000
0.000000
0.000000
0.000000
0.000000
0.000000
0.000000
0.000000
0.000000
0.000000
0.000000
0.000000
0.000000
0.000000
0.000000
0.000000
0.000000
0.000000
0.000000
0.000000
0.000000
0.000000
0.000000
0.000000
0.000000
0.000000
0.000000
0.000000
0.000000
0.000000
0.000000
0.000000
0.000000
0.000000
0.000000
0.000001
0.000001
0.000001
0.000001
0.000002
0.000002
0.000003
0.000004
0.000006
0.000008
0.000011
0.000014
0.000018
0.000022
0.000027
0.000032
0.000038
0.000046
0.000055
0.000065
0.000078
0.000094
0.000114
0.000139
0.000170
0.000209
0.000258
0.000322
0.000401
0.000500
0.000626
0.000787
0.000993
0.001257
0.001584
0.001992
0.002403
0.002908
0.003562
0.004408
0.005494
0.006888
0.008680
0.010978
0.013907
0.017759
0.023607
0.032810
0.045983
0.063715
0.083683
0.104587
0.086556
0.000000
0.000000
0.000000
0.000000
0.000000
0.000000
0.000000
0.000000
0.000000
0.000000
0.000000
0.000000
0.000000
0.000000
0.000000
0.000000
0.000000
0.000000
0.000000
0.000000
0.000000
0.000000
0.000000
0.000000
0.000000
0.000000
0.000000
0.000000
0.000000
0.000000
0.000000
0.000000
0.000000
0.000000
0.000000
0.000000
0.000000
0.000000
0.000000
0.000000
0.000000
0.000000
0.000000
0.000000
0.000000
0.000000
0.000000
0.000000
0.000000
0.000001
0.000001
0.000001
0.000002
0.000002
0.000003
0.000004
0.000005
0.000007
0.000010
0.000013
0.000016
0.000019
0.000023
0.000027
0.000032
0.000039
0.000046
0.000055
0.000067
0.000081
0.000098
0.000120
0.000147
0.000182
0.000227
0.000282
0.000351
0.000440
0.000552
0.000696
0.000879
0.001106
0.001387
0.001666
0.002005
0.002444
0.003010
0.003736
0.004669
0.005868
0.007412
0.009392
0.012029
0.015514
0.020719
0.028986
0.040989
0.057467
0.076624
0.095220
0.087945
0.000000
0.000000
0.000000
0.000000
0.000000
0.000000
0.000000
0.000000
0.000000
0.000000
0.000000
0.000000
0.000000
0.000000
0.000000
0.000000
0.000000
0.000000
0.000000
0.000000
0.000000
0.000000
0.000000
0.000000
0.000000
0.000000
0.000000
0.000000
0.000000
0.000000
0.000000
0.000000
0.000000
0.000000
0.000000
0.000000
0.000000
0.000000
0.000000
0.000000
0.000000
0.000000
0.000000
0.000000
0.000000
0.000000
0.000000
0.000000
0.000000
0.000001
0.000001
0.000001
0.000001
0.000002
0.000003
0.000004
0.000005
0.000007
0.000009
0.000011
0.000014
0.000016
0.000019
0.000023
0.000027
0.000032
0.000039
0.000047
0.000057
0.000069
0.000084
0.000103
0.000127
0.000158
0.000197
0.000245
0.000306
0.000384
0.000483
0.000610
0.000766
0.000959
0.001145
0.001370
0.001662
0.002037
0.002516
0.003130
0.003921
0.004939
0.006250
0.008009
0.010364
0.013380
0.017934
0.025239
0.035994
0.051048
0.069115
0.084949
0.088830
0.000000
0.000000
0.000000
0.000000
0.000000
0.000000
0.000000
0.000000
0.000000
0.000000
0.000000
0.000000
0.000000
0.000000
0.000000
0.000000
0.000000
0.000000
0.000000
0.000000
0.000000
0.000000
0.000000
0.000000
0.000000
0.000000
0.000000
0.000000
0.000000
0.000000
0.000000
0.000000
0.000000
0.000000
0.000000
0.000000
0.000000
0.000000
0.000000
0.000000
0.000000
0.000000
0.000000
0.000000
0.000000
0.000000
0.000000
0.000000
0.000000
0.000001
0.000001
0.000001
0.000001
0.000002
0.000002
0.000003
0.000005
0.000006
0.000008
0.000009
0.000011
0.000013
0.000016
0.000019
0.000022
0.000027
0.000032
0.000039
0.000048
0.000058
0.000071
0.000088
0.000109
0.000136
0.000169
0.000211
0.000265
0.000333
0.000420
0.000526
0.000657
0.000780
0.000928
0.001119
0.001365
0.001677
0.002077
0.002590
0.003251
0.004102
0.005250
0.006799
0.008806
0.011371
0.015279
0.021610
0.031053
0.044523
0.061202
0.073888
0.088379
0.000000
0.000000
0.000000
0.000000
0.000000
0.000000
0.000000
0.000000
0.000000
0.000000
0.000000
0.000000
0.000000
0.000000
0.000000
0.000000
0.000000
0.000000
0.000000
0.000000
0.000000
0.000000
0.000000
0.000000
0.000000
0.000000
0.000000
0.000000
0.000000
0.000000
0.000000
0.000000
0.000000
0.000000
0.000000
0.000000
0.000000
0.000000
0.000000
0.000000
0.000000
0.000000
0.000000
0.000000
0.000000
0.000000
0.000000
0.000000
0.000000
0.000000
0.000001
0.000001
0.000001
0.000002
0.000002
0.000003
0.000004
0.000005
0.000006
0.000008
0.000009
0.000011
0.000013
0.000015
0.000018
0.000022
0.000027
0.000033
0.000040
0.000049
0.000060
0.000075
0.000093
0.000116
0.000144
0.000181
0.000227
0.000286
0.000358
0.000446
0.000526
0.000623
0.000747
0.000905
0.001106
0.001363
0.001691
0.002113
0.002657
0.003391
0.004387
0.005686
0.007365
0.009503
0.012779
0.018139
0.026230
0.037974
0.052953
0.065253
0.085427
0.000001
0.000000
0.000000
0.000000
0.000000
0.000000
0.000000
0.000000
0.000000
0.000000
0.000000
0.000000
0.000000
0.000000
0.000000
0.000000
0.000000
0.000000
0.000000
0.000000
0.000000
0.000000
0.000000
0.000000
0.000000
0.000000
0.000000
0.000000
0.000000
0.000000
0.000000
0.000000
0.000000
0.000000
0.000000
0.000000
0.000000
0.000000
0.000000
0.000000
0.000000
0.000000
0.000000
0.000000
0.000000
0.000000
0.000000
0.000000
0.000000
0.000000
0.000001
0.000001
0.000001
0.000001
0.000002
0.000003
0.000003
0.000004
0.000005
0.000006
0.000007
0.000009
0.000010
0.000012
0.000015
0.000018
0.000022
0.000027
0.000033
0.000041
0.000051
0.000063
0.000078
0.000098
0.000122
0.000153
0.000193
0.000241
0.000299
0.000352
0.000414
0.000493
0.000594
0.000722
0.000884
0.001091
0.001357
0.001698
0.002159
0.002787
0.003608
0.004675
0.006049
0.007787
0.010459
0.014871
0.021594
0.031500
0.044474
0.055965
0.078579
0.000003
0.000000
0.000000
0.000000
0.000000
0.000000
0.000000
0.000000
0.000000
0.000000
0.000000
0.000000
0.000000
0.000000
0.000000
0.000000
0.000000
0.000000
0.000000
0.000000
0.000000
0.000000
0.000000
0.000000
0.000000
0.000000
0.000000
0.000000
0.000000
0.000000
0.000000
0.000000
0.000000
0.000000
0.000000
0.000000
0.000000
0.000000
0.000000
0.000000
0.000000
0.000000
0.000000
0.000000
0.000000
0.000000
0.000000
0.000000
0.000000
0.000000
0.000000
0.000001
0.000001
0.000001
0.000002
0.000002
0.000003
0.000003
0.000004
0.000005
0.000006
0.000007
0.000008
0.000010
0.000012
0.000015
0.000018
0.000022
0.000027
0.000034
0.000042
0.000052
0.000065
0.000082
0.000102
0.000129
0.000161
0.000199
0.000232
0.000272
0.000322
0.000385
0.000465
0.000567
0.000696
0.000860
0.001071
0.001355
0.001743
0.002251
0.002913
0.003769
0.004864
0.006236
0.008342
0.011848
0.017221
0.025219
0.035908
0.045966
0.067858
0.000031
0.000000
0.000000
0.000000
0.000000
0.000000
0.000000
0.000000
0.000000
0.000000
0.000000
0.000000
0.000000
0.000000
0.000000
0.000000
0.000000
0.000000
0.000000
0.000000
0.000000
0.000000
0.000000
0.000000
0.000000
0.000000
0.000000
0.000000
0.000000
0.000000
0.000000
0.000000
0.000000
0.000000
0.000000
0.000000
0.000000
0.000000
0.000000
0.000000
0.000000
0.000000
0.000000
0.000000
0.000000
0.000000
0.000000
0.000000
0.000000
0.000000
0.000000
0.000001
0.000001
0.000001
0.000001
0.000002
0.000002
0.000003
0.000003
0.000004
0.000004
0.000005
0.000007
0.000008
0.000010
0.000012
0.000015
0.000018
0.000022
0.000028
0.000034
0.000043
0.000054
0.000068
0.000085
0.000106
0.000131
0.000152
0.000176
0.000207
0.000247
0.000296
0.000359
0.000438
0.000538
0.000666
0.000838
0.001074
0.001381
0.001782
0.002302
0.002971
0.003816
0.004860
0.006449
0.009111
0.013188
0.019269
0.027449
0.035645
0.052365
0.000872
0.000000
0.000000
0.000000
0.000000
0.000000
0.000000
0.000000
0.000000
0.000000
0.000000
0.000000
0.000000
0.000000
0.000000
0.000000
0.000000
0.000000
0.000000
0.000000
0.000000
0.000000
0.000000
0.000000
0.000000
0.000000
0.000000
0.000000
0.000000
0.000000
0.000000
0.000000
0.000000
0.000000
0.000000
0.000000
0.000000
0.000000
0.000000
0.000000
0.000000
0.000000
0.000000
0.000000
0.000000
0.000000
0.000000
0.000000
0.000000
0.000000
0.000000
0.000001
0.000001
0.000001
0.000001
0.000001
0.000002
0.000002
0.000002
0.000003
0.000003
0.000004
0.000005
0.000006
0.000008
0.000009
0.000012
0.000015
0.000018
0.000022
0.000028
0.000035
0.000044
0.000055
0.000069
0.000085
0.000098
0.000113
0.000132
0.000156
0.000186
0.000224
0.000271
0.000332
0.000408
0.000511
0.000651
0.000833
0.001071
0.001379
0.001776
0.002279
0.002906
0.003663
0.004797
0.006698
0.009576
0.013803
0.019487
0.024944
0.027596
0.004329
0.000000
0.000000
0.000000
0.000000
0.000000
0.000000
0.000000
0.000000
0.000000
0.000000
0.000000
0.000000
0.000000
0.000000
0.000000
0.000000
0.000000
0.000000
0.000000
0.000000
0.000000
0.000000
0.000000
0.000000
0.000000
0.000000
0.000000
0.000000
0.000000
0.000000
0.000000
0.000000
0.000000
0.000000
0.000000
0.000000
0.000000
0.000000
0.000000
0.000000
0.000000
0.000000
0.000000
0.000000
0.000000
0.000000
0.000000
0.000000
0.000000
0.000000
0.000000
0.000001
0.000001
0.000001
0.000001
0.000001
0.000001
0.000002
0.000002
0.000003
0.000003
0.000004
0.000005
0.000006
0.000007
0.000009
0.000012
0.000014
0.000018
0.000022
0.000028
0.000036
0.000044
0.000054
0.000062
0.000071
0.000083
0.000097
0.000115
0.000138
0.000166
0.000201
0.000246
0.000306
0.000388
0.000494
0.000632
0.000810
0.001039
0.001331
0.001694
0.002135
0.002650
0.003397
0.004641
0.006461
0.009046
0.012158
0.012267
0.007429
