0.013292
0.017181
0.016868
0.011849
0.006581
0.002974
0.001106
0.000341
0.000088
0.000019
0.000003
0.000001
0.000000
0.000000
0.000000
0.000000
0.000000
0.000000
0.000000
0.000000
0.000000
0.000000
0.000000
0.000000
0.000000
0.000000
0.000000
0.000000
0.000000
0.000000
0.000000
0.000000
0.000000
0.000000
0.000000
0.000000
0.000000
0.000000
0.000000
0.000000
0.000000
0.000000
0.000000
0.000000
0.000000
0.000000
0.000000
0.000000
0.000000
0.000000
0.000000
0.000000
0.000000
0.000000
0.000000
0.000000
0.000000
0.000000
0.000000
0.000000
0.000000
0.000000
0.000000
0.000000
0.000000
0.000000
0.000000
0.000000
0.000000
0.000000
0.000000
0.000000
0.000000
0.000000
0.000000
0.000000
0.000000
0.000000
0.000000
0.000000
0.000000
0.000000
0.000000
0.000000
0.000000
0.000000
0.000000
0.000000
0.000000
0.000000
0.000000
0.000000
0.000000
0.000000
0.000000
0.000000
0.000000
0.000000
0.000000
0.000000
0.014203
0.020573
0.023164
0.018951
0.012377
0.006633
0.002948
0.001093
0.000340
0.000089
0.000020
0.000004
0.000001
0.000000
0.000000
0.000000
0.000000
0.000000
0.000000
0.000000
0.000000
0.000000
0.000000
0.000000
0.000000
0.000000
0.000000
0.000000
0.000000
0.000000
0.000000
0.000000
0.000000
0.000000
0.000000
0.000000
0.000000
0.000000
0.000000
0.000000
0.000000
0.000000
0.000000
0.000000
0.000000
0.000000
0.000000
0.000000
0.000000
0.000000
0.000000
0.000000
0.000000
0.000000
0.000000
0.000000
0.000000
0.000000
0.000000
0.000000
0.000000
0.000000
0.000000
0.000000
0.000000
0.000000
0.000000
0.000000
0.000000
0.000000
0.000000
0.000000
0.000000
0.000000
0.000000
0.000000
0.000000
0.000000
0.000000
0.000000
0.000000
0.000000
0.000000
0.000000
0.000000
0.000000
0.000000
0.000000
0.000000
0.000000
0.000000
0.000000
0.000000
0.000000
0.000000
0.000000
0.000000
0.000000
0.000000
0.000000
0.013962
0.022404
0.028540
0.026808
0.020320
0.012751
0.006691
0.002951
0.001099
0.000346
0.000093
0.000021
0.000004
0.000001
0.000000
0.000000
0.000000
0.000000
0.000000
0.000000
0.000000
0.000000
0.000000
0.000000
0.000000
0.000000
0.000000
0.000000
0.000000
0.000000
0.000000
0.000000
0.000000
0.000000
0.000000
0.000000
0.000000
0.000000
0.000000
0.000000
0.000000
0.000000
0.000000
0.000000
0.000000
0.000000
0.000000
0.000000
0.000000
0.000000
0.000000
0.000000
0.000000
0.000000
0.000000
0.000000
0.000000
0.000000
0.000000
0.000000
0.000000
0.000000
0.000000
0.000000
0.000000
0.000000
0.000000
0.000000
0.000000
0.000000
0.000000
0.000000
0.000000
0.000000
0.000000
0.000000
0.000000
0.000000
0.000000
0.000000
0.000000
0.000000
0.000000
0.000000
0.000000
0.000000
0.000000
0.000000
0.000000
0.000000
0.000000
0.000000
0.000000
0.000000
0.000000
0.000000
0.000000
0.000000
0.000000
0.000000
0.012753
0.022428
0.031909
0.033942
0.029472
0.021379
0.013082
0.006785
0.002992
0.001124
0.000361
0.000096
0.000022
0.000004
0.000001
0.000000
0.000000
0.000000
0.000000
0.000000
0.000000
0.000000
0.000000
0.000000
0.000000
0.000000
0.000000
0.000000
0.000000
0.000000
0.000000
0.000000
0.000000
0.000000
0.000000
0.000000
0.000000
0.000000
0.000000
0.000000
0.000000
0.000000
0.000000
0.000000
0.000000
0.000000
0.000000
0.000000
0.000000
0.000000
0.000000
0.000000
0.000000
0.000000
0.000000
0.000000
0.000000
0.000000
0.000000
0.000000
0.000000
0.000000
0.000000
0.000000
0.000000
0.000000
0.000000
0.000000
0.000000
0.000000
0.000000
0.000000
0.000000
0.000000
0.000000
0.000000
0.000000
0.000000
0.000000
0.000000
0.000000
0.000000
0.000000
0.000000
0.000000
0.000000
0.000000
0.000000
0.000000
0.000000
0.000000
0.000000
0.000000
0.000000
0.000000
0.000000
0.000000
0.000000
0.000000
0.000000
0.010922
0.020841
0.032722
0.038908
0.038216
0.031642
0.022295
0.013433
0.006938
0.003076
0.001172
0.000374
0.000102
0.000024
0.000005
0.000001
0.000000
0.000000
0.000000
0.000000
0.000000
0.000000
0.000000
0.000000
0.000000
0.000000
0.000000
0.000000
0.000000
0.000000
0.000000
0.000000
0.000000
0.000000
0.000000
0.000000
0.000000
0.000000
0.000000
0.000000
0.000000
0.000000
0.000000
0.000000
0.000000
0.000000
0.000000
0.000000
0.000000
0.000000
0.000000
0.000000
0.000000
0.000000
0.000000
0.000000
0.000000
0.000000
0.000000
0.000000
0.000000
0.000000
0.000000
0.000000
0.000000
0.000000
0.000000
0.000000
0.000000
0.000000
0.000000
0.000000
0.000000
0.000000
0.000000
0.000000
0.000000
0.000000
0.000000
0.000000
0.000000
0.000000
0.000000
0.000000
0.000000
0.000000
0.000000
0.000000
0.000000
0.000000
0.000000
0.000000
0.000000
0.000000
0.000000
0.000000
0.000000
0.000000
0.000000
0.000000
0.008842
0.018141
0.031087
0.040820
0.044816
0.041836
0.033526
0.023174
0.013850
0.007164
0.003207
0.001214
0.000394
0.000111
0.000027
0.000006
0.000001
0.000000
0.000000
0.000000
0.000000
0.000000
0.000000
0.000000
0.000000
0.000000
0.000000
0.000000
0.000000
0.000000
0.000000
0.000000
0.000000
0.000000
0.000000
0.000000
0.000000
0.000000
0.000000
0.000000
0.000000
0.000000
0.000000
0.000000
0.000000
0.000000
0.000000
0.000000
0.000000
0.000000
0.000000
0.000000
0.000000
0.000000
0.000000
0.000000
0.000000
0.000000
0.000000
0.000000
0.000000
0.000000
0.000000
0.000000
0.000000
0.000000
0.000000
0.000000
0.000000
0.000000
0.000000
0.000000
0.000000
0.000000
0.000000
0.000000
0.000000
0.000000
0.000000
0.000000
0.000000
0.000000
0.000000
0.000000
0.000000
0.000000
0.000000
0.000000
0.000000
0.000000
0.000000
0.000000
0.000000
0.000000
0.000000
0.000000
0.000000
0.000000
0.000000
0.000000
0.006818
0.014915
0.027613
0.039595
0.048048
0.049986
0.045013
0.035263
0.024092
0.014366
0.007474
0.003320
0.001274
0.000424
0.000123
0.000031
0.000007
0.000001
0.000000
0.000000
0.000000
0.000000
0.000000
0.000000
0.000000
0.000000
0.000000
0.000000
0.000000
0.000000
0.000000
0.000000
0.000000
0.000000
0.000000
0.000000
0.000000
0.000000
0.000000
0.000000
0.000000
0.000000
0.000000
0.000000
0.000000
0.000000
0.000000
0.000000
0.000000
0.000000
0.000000
0.000000
0.000000
0.000000
0.000000
0.000000
0.000000
0.000000
0.000000
0.000000
0.000000
0.000000
0.000000
0.000000
0.000000
0.000000
0.000000
0.000000
0.000000
0.000000
0.000000
0.000000
0.000000
0.000000
0.000000
0.000000
0.000000
0.000000
0.000000
0.000000
0.000000
0.000000
0.000000
0.000000
0.000000
0.000000
0.000000
0.000000
0.000000
0.000000
0.000000
0.000000
0.000000
0.000000
0.000000
0.000000
0.000000
0.000000
0.000000
0.000000
0.005040
0.011668
0.023125
0.035841
0.047576
0.054560
0.054585
0.047898
0.036963
0.025106
0.015004
0.007731
0.003469
0.001360
0.000465
0.000139
0.000036
0.000008
0.000002
0.000000
0.000000
0.000000
0.000000
0.000000
0.000000
0.000000
0.000000
0.000000
0.000000
0.000000
0.000000
0.000000
0.000000
0.000000
0.000000
0.000000
0.000000
0.000000
0.000000
0.000000
0.000000
0.000000
0.000000
0.000000
0.000000
0.000000
0.000000
0.000000
0.000000
0.000000
0.000000
0.000000
0.000000
0.000000
0.000000
0.000000
0.000000
0.000000
0.000000
0.000000
0.000000
0.000000
0.000000
0.000000
0.000000
0.000000
0.000000
0.000000
0.000000
0.000000
0.000000
0.000000
0.000000
0.000000
0.000000
0.000000
0.000000
0.000000
0.000000
0.000000
0.000000
0.000000
0.000000
0.000000
0.000000
0.000000
0.000000
0.000000
0.000000
0.000000
0.000000
0.000000
0.000000
0.000000
0.000000
0.000000
0.000000
0.000000
0.000000
0.000000
0.003594
0.008744
0.018399
0.030536
0.043915
0.054958
0.060438
0.058747
0.050621
0.038708
0.026258
0.015518
0.008052
0.003676
0.001474
0.000519
0.000160
0.000043
0.000010
0.000001
0.000000
0.000000
0.000000
0.000000
0.000000
0.000000
0.000000
0.000000
0.000000
0.000000
0.000000
0.000000
0.000000
0.000000
0.000000
0.000000
0.000000
0.000000
0.000000
0.000000
0.000000
0.000000
0.000000
0.000000
0.000000
0.000000
0.000000
0.000000
0.000000
0.000000
0.000000
0.000000
0.000000
0.000000
0.000000
0.000000
0.000000
0.000000
0.000000
0.000000
0.000000
0.000000
0.000000
0.000000
0.000000
0.000000
0.000000
0.000000
0.000000
0.000000
0.000000
0.000000
0.000000
0.000000
0.000000
0.000000
0.000000
0.000000
0.000000
0.000000
0.000000
0.000000
0.000000
0.000000
0.000000
0.000000
0.000000
0.000000
0.000000
0.000000
0.000000
0.000000
0.000000
0.000000
0.000000
0.000000
0.000000
0.000000
0.000000
0.000000
0.002485
0.006315
0.014002
0.024676
0.038114
0.051569
0.061725
0.065772
0.062598
0.053283
0.040559
0.027175
0.016118
0.008476
0.003945
0.001621
0.000587
0.000187
0.000050
0.000009
0.000002
0.000000
0.000000
0.000000
0.000000
0.000000
0.000000
0.000000
0.000000
0.000000
0.000000
0.000000
0.000000
0.000000
0.000000
0.000000
0.000000
0.000000
0.000000
0.000000
0.000000
0.000000
0.000000
0.000000
0.000000
0.000000
0.000000
0.000000
0.000000
0.000000
0.000000
0.000000
0.000000
0.000000
0.000000
0.000000
0.000000
0.000000
0.000000
0.000000
0.000000
0.000000
0.000000
0.000000
0.000000
0.000000
0.000000
0.000000
0.000000
0.000000
0.000000
0.000000
0.000000
0.000000
0.000000
0.000000
0.000000
0.000000
0.000000
0.000000
0.000000
0.000000
0.000000
0.000000
0.000000
0.000000
0.000000
0.000000
0.000000
0.000000
0.000000
0.000000
0.000000
0.000000
0.000000
0.000000
0.000000
0.000000
0.000000
0.000000
0.001674
0.004419
0.010255
0.019046
0.031345
0.045463
0.058693
0.067902
0.070658
0.066241
0.055960
0.042032
0.028177
0.016875
0.009012
0.004282
0.001806
0.000674
0.000214
0.000049
0.000011
0.000002
0.000000
0.000000
0.000000
0.000000
0.000000
0.000000
0.000000
0.000000
0.000000
0.000000
0.000000
0.000000
0.000000
0.000000
0.000000
0.000000
0.000000
0.000000
0.000000
0.000000
0.000000
0.000000
0.000000
0.000000
0.000000
0.000000
0.000000
0.000000
0.000000
0.000000
0.000000
0.000000
0.000000
0.000000
0.000000
0.000000
0.000000
0.000000
0.000000
0.000000
0.000000
0.000000
0.000000
0.000000
0.000000
0.000000
0.000000
0.000000
0.000000
0.000000
0.000000
0.000000
0.000000
0.000000
0.000000
0.000000
0.000000
0.000000
0.000000
0.000000
0.000000
0.000000
0.000000
0.000000
0.000000
0.000000
0.000000
0.000000
0.000000
0.000000
0.000000
0.000000
0.000000
0.000000
0.000000
0.000000
0.000000
0.000000
0.001103
0.003011
0.007268
0.014129
0.024599
0.037952
0.052410
0.065250
0.073541
0.075186
0.069762
0.058115
0.043549
0.029373
0.017799
0.009669
0.004697
0.002035
0.000758
0.000210
0.000055
0.000013
0.000002
0.000000
0.000000
0.000000
0.000000
0.000000
0.000000
0.000000
0.000000
0.000000
0.000000
0.000000
0.000000
0.000000
0.000000
0.000000
0.000000
0.000000
0.000000
0.000000
0.000000
0.000000
0.000000
0.000000
0.000000
0.000000
0.000000
0.000000
0.000000
0.000000
0.000000
0.000000
0.000000
0.000000
0.000000
0.000000
0.000000
0.000000
0.000000
0.000000
0.000000
0.000000
0.000000
0.000000
0.000000
0.000000
0.000000
0.000000
0.000000
0.000000
0.000000
0.000000
0.000000
0.000000
0.000000
0.000000
0.000000
0.000000
0.000000
0.000000
0.000000
0.000000
0.000000
0.000000
0.000000
0.000000
0.000000
0.000000
0.000000
0.000000
0.000000
0.000000
0.000000
0.000000
0.000000
0.000000
0.000000
0.000000
0.000714
0.002005
0.005009
0.010130
0.018537
0.030211
0.044291
0.058864
0.071240
0.078701
0.079432
0.072652
0.060223
0.045253
0.030776
0.018902
0.010459
0.005199
0.002251
0.000747
0.000234
0.000064
0.000015
0.000002
0.000000
0.000000
0.000000
0.000000
0.000000
0.000000
0.000000
0.000000
0.000000
0.000000
0.000000
0.000000
0.000000
0.000000
0.000000
0.000000
0.000000
0.000000
0.000000
0.000000
0.000000
0.000000
0.000000
0.000000
0.000000
0.000000
0.000000
0.000000
0.000000
0.000000
0.000000
0.000000
0.000000
0.000000
0.000000
0.000000
0.000000
0.000000
0.000000
0.000000
0.000000
0.000000
0.000000
0.000000
0.000000
0.000000
0.000000
0.000000
0.000000
0.000000
0.000000
0.000000
0.000000
0.000000
0.000000
0.000000
0.000000
0.000000
0.000000
0.000000
0.000000
0.000000
0.000000
0.000000
0.000000
0.000000
0.000000
0.000000
0.000000
0.000000
0.000000
0.000000
0.000000
0.000000
0.000000
0.000000
0.000455
0.001311
0.003372
0.007055
0.013489
0.023076
0.035674
0.050241
0.064780
0.076683
0.083439
0.083008
0.075368
0.062453
0.047163
0.032397
0.020194
0.011392
0.005664
0.002225
0.000824
0.000270
0.000077
0.000014
0.000002
0.000000
0.000000
0.000000
0.000000
0.000000
0.000000
0.000000
0.000000
0.000000
0.000000
0.000000
0.000000
0.000000
0.000000
0.000000
0.000000
0.000000
0.000000
0.000000
0.000000
0.000000
0.000000
0.000000
0.000000
0.000000
0.000000
0.000000
0.000000
0.000000
0.000000
0.000000
0.000000
0.000000
0.000000
0.000000
0.000000
0.000000
0.000000
0.000000
0.000000
0.000000
0.000000
0.000000
0.000000
0.000000
0.000000
0.000000
0.000000
0.000000
0.000000
0.000000
0.000000
0.000000
0.000000
0.000000
0.000000
0.000000
0.000000
0.000000
0.000000
0.000000
0.000000
0.000000
0.000000
0.000000
0.000000
0.000000
0.000000
0.000000
0.000000
0.000000
0.000000
0.000000
0.000000
0.000000
0.000287
0.000843
0.002225
0.004793
0.009527
0.017010
0.027558
0.040856
0.055725
0.070143
0.081612
0.087546
0.086277
0.078084
0.064827
0.049289
0.034245
0.021688
0.012245
0.005617
0.002428
0.000937
0.000316
0.000070
0.000011
0.000002
0.000000
0.000000
0.000000
0.000000
0.000000
0.000000
0.000000
0.000000
0.000000
0.000000
0.000000
0.000000
0.000000
0.000000
0.000000
0.000000
0.000000
0.000000
0.000000
0.000000
0.000000
0.000000
0.000000
0.000000
0.000000
0.000000
0.000000
0.000000
0.000000
0.000000
0.000000
0.000000
0.000000
0.000000
0.000000
0.000000
0.000000
0.000000
0.000000
0.000000
0.000000
0.000000
0.000000
0.000000
0.000000
0.000000
0.000000
0.000000
0.000000
0.000000
0.000000
0.000000
0.000000
0.000000
0.000000
0.000000
0.000000
0.000000
0.000000
0.000000
0.000000
0.000000
0.000000
0.000000
0.000000
0.000000
0.000000
0.000000
0.000000
0.000000
0.000000
0.000000
0.000000
0.000000
0.000179
0.000536
0.001444
0.003190
0.006559
0.012162
0.020535
0.031856
0.045665
0.060699
0.074957
0.086016
0.091236
0.089387
0.080826
0.067357
0.051635
0.036327
0.023034
0.012179
0.006070
0.002723
0.001079
0.000294
0.000060
0.000011
0.000002
0.000000
0.000000
0.000000
0.000000
0.000000
0.000000
0.000000
0.000000
0.000000
0.000000
0.000000
0.000000
0.000000
0.000000
0.000000
0.000000
0.000000
0.000000
0.000000
0.000000
0.000000
0.000000
0.000000
0.000000
0.000000
0.000000
0.000000
0.000000
0.000000
0.000000
0.000000
0.000000
0.000000
0.000000
0.000000
0.000000
0.000000
0.000000
0.000000
0.000000
0.000000
0.000000
0.000000
0.000000
0.000000
0.000000
0.000000
0.000000
0.000000
0.000000
0.000000
0.000000
0.000000
0.000000
0.000000
0.000000
0.000000
0.000000
0.000000
0.000000
0.000000
0.000000
0.000000
0.000000
0.000000
0.000000
0.000000
0.000000
0.000000
0.000000
0.000000
0.000000
0.000000
0.000111
0.000337
0.000925
0.002086
0.004420
0.008471
0.014833
0.023950
0.035874
0.050040
0.065143
0.079393
0.089938
0.094611
0.092372
0.083609
0.070045
0.054202
0.038184
0.022976
0.013033
0.006711
0.003082
0.001019
0.000258
0.000060
0.000011
0.000002
0.000000
0.000000
0.000000
0.000000
0.000000
0.000000
0.000000
0.000000
0.000000
0.000000
0.000000
0.000000
0.000000
0.000000
0.000000
0.000000
0.000000
0.000000
0.000000
0.000000
0.000000
0.000000
0.000000
0.000000
0.000000
0.000000
0.000000
0.000000
0.000000
0.000000
0.000000
0.000000
0.000000
0.000000
0.000000
0.000000
0.000000
0.000000
0.000000
0.000000
0.000000
0.000000
0.000000
0.000000
0.000000
0.000000
0.000000
0.000000
0.000000
0.000000
0.000000
0.000000
0.000000
0.000000
0.000000
0.000000
0.000000
0.000000
0.000000
0.000000
0.000000
0.000000
0.000000
0.000000
0.000000
0.000000
0.000000
0.000000
0.000000
0.000000
0.000000
0.000000
0.000068
0.000210
0.000586
0.001345
0.002925
0.005771
0.010434
0.017450
0.027170
0.039545
0.053942
0.069364
0.083335
0.093424
0.097708
0.095250
0.086436
0.072886
0.056473
0.038202
0.024366
0.014216
0.007473
0.002946
0.000912
0.000258
0.000061
0.000012
0.000002
0.000000
0.000000
0.000000
0.000000
0.000000
0.000000
0.000000
0.000000
0.000000
0.000000
0.000000
0.000000
0.000000
0.000000
0.000000
0.000000
0.000000
0.000000
0.000000
0.000000
0.000000
0.000000
0.000000
0.000000
0.000000
0.000000
0.000000
0.000000
0.000000
0.000000
0.000000
0.000000
0.000000
0.000000
0.000000
0.000000
0.000000
0.000000
0.000000
0.000000
0.000000
0.000000
0.000000
0.000000
0.000000
0.000000
0.000000
0.000000
0.000000
0.000000
0.000000
0.000000
0.000000
0.000000
0.000000
0.000000
0.000000
0.000000
0.000000
0.000000
0.000000
0.000000
0.000000
0.000000
0.000000
0.000000
0.000000
0.000000
0.000000
0.000000
0.000000
0.000042
0.000130
0.000368
0.000857
0.001907
0.003860
0.007176
0.012377
0.019938
0.030128
0.042825
0.057758
0.073125
0.086771
0.096508
0.100548
0.098029
0.089301
0.075388
0.056676
0.040174
0.026239
0.015589
0.007221
0.002690
0.000916
0.000262
0.000063
0.000012
0.000002
0.000000
0.000000
0.000000
0.000000
0.000000
0.000000
0.000000
0.000000
0.000000
0.000000
0.000000
0.000000
0.000000
0.000000
0.000000
0.000000
0.000000
0.000000
0.000000
0.000000
0.000000
0.000000
0.000000
0.000000
0.000000
0.000000
0.000000
0.000000
0.000000
0.000000
0.000000
0.000000
0.000000
0.000000
0.000000
0.000000
0.000000
0.000000
0.000000
0.000000
0.000000
0.000000
0.000000
0.000000
0.000000
0.000000
0.000000
0.000000
0.000000
0.000000
0.000000
0.000000
0.000000
0.000000
0.000000
0.000000
0.000000
0.000000
0.000000
0.000000
0.000000
0.000000
0.000000
0.000000
0.000000
0.000000
0.000000
0.000000
0.000000
0.000000
0.000026
0.000081
0.000230
0.000542
0.001228
0.002542
0.004842
0.008580
0.014240
0.022238
0.032778
0.046119
0.061178
0.076367
0.089731
0.099214
0.103146
0.100706
0.091825
0.075905
0.059150
0.042757
0.028367
0.015204
0.006712
0.002705
0.000930
0.000270
0.000065
0.000013
0.000002
0.000000
0.000000
0.000000
0.000000
0.000000
0.000000
0.000000
0.000000
0.000000
0.000000
0.000000
0.000000
0.000000
0.000000
0.000000
0.000000
0.000000
0.000000
0.000000
0.000000
0.000000
0.000000
0.000000
0.000000
0.000000
0.000000
0.000000
0.000000
0.000000
0.000000
0.000000
0.000000
0.000000
0.000000
0.000000
0.000000
0.000000
0.000000
0.000000
0.000000
0.000000
0.000000
0.000000
0.000000
0.000000
0.000000
0.000000
0.000000
0.000000
0.000000
0.000000
0.000000
0.000000
0.000000
0.000000
0.000000
0.000000
0.000000
0.000000
0.000000
0.000000
0.000000
0.000000
0.000000
0.000000
0.000000
0.000000
0.000000
0.000000
0.000016
0.000050
0.000143
0.000340
0.000783
0.001653
0.003216
0.005834
0.009938
0.015974
0.024308
0.035509
0.049097
0.064113
0.079111
0.092238
0.101561
0.105507
0.103080
0.092767
0.078678
0.062280
0.045620
0.027892
0.014358
0.006752
0.002744
0.000954
0.000280
0.000067
0.000012
0.000002
0.000000
0.000000
0.000000
0.000000
0.000000
0.000000
0.000000
0.000000
0.000000
0.000000
0.000000
0.000000
0.000000
0.000000
0.000000
0.000000
0.000000
0.000000
0.000000
0.000000
0.000000
0.000000
0.000000
0.000000
0.000000
0.000000
0.000000
0.000000
0.000000
0.000000
0.000000
0.000000
0.000000
0.000000
0.000000
0.000000
0.000000
0.000000
0.000000
0.000000
0.000000
0.000000
0.000000
0.000000
0.000000
0.000000
0.000000
0.000000
0.000000
0.000000
0.000000
0.000000
0.000000
0.000000
0.000000
0.000000
0.000000
0.000000
0.000000
0.000000
0.000000
0.000000
0.000000
0.000000
0.000000
0.000000
0.000000
0.000000
0.000010
0.000031
0.000088
0.000212
0.000496
0.001064
0.002108
0.003903
0.006802
0.011212
0.017543
0.026492
0.038002
0.051653
0.066573
0.081377
0.094313
0.103563
0.107625
0.104502
0.095576
0.082039
0.065658
0.045177
0.026713
0.014450
0.006843
0.002808
0.000988
0.000288
0.000066
0.000012
0.000002
0.000000
0.000000
0.000000
0.000000
0.000000
0.000000
0.000000
0.000000
0.000000
0.000000
0.000000
0.000000
0.000000
0.000000
0.000000
0.000000
0.000000
0.000000
0.000000
0.000000
0.000000
0.000000
0.000000
0.000000
0.000000
0.000000
0.000000
0.000000
0.000000
0.000000
0.000000
0.000000
0.000000
0.000000
0.000000
0.000000
0.000000
0.000000
0.000000
0.000000
0.000000
0.000000
0.000000
0.000000
0.000000
0.000000
0.000000
0.000000
0.000000
0.000000
0.000000
0.000000
0.000000
0.000000
0.000000
0.000000
0.000000
0.000000
0.000000
0.000000
0.000000
0.000000
0.000000
0.000000
0.000000
0.000000
0.000000
0.000006
0.000019
0.000055
0.000132
0.000312
0.000679
0.001367
0.002577
0.004579
0.007716
0.012371
0.019236
0.028508
0.040150
0.053789
0.068574
0.083187
0.095977
0.105392
0.109506
0.107095
0.098793
0.085558
0.065427
0.043810
0.026896
0.014631
0.006985
0.002896
0.001011
0.000284
0.000066
0.000012
0.000002
0.000000
0.000000
0.000000
0.000000
0.000000
0.000000
0.000000
0.000000
0.000000
0.000000
0.000000
0.000000
0.000000
0.000000
0.000000
0.000000
0.000000
0.000000
0.000000
0.000000
0.000000
0.000000
0.000000
0.000000
0.000000
0.000000
0.000000
0.000000
0.000000
0.000000
0.000000
0.000000
0.000000
0.000000
0.000000
0.000000
0.000000
0.000000
0.000000
0.000000
0.000000
0.000000
0.000000
0.000000
0.000000
0.000000
0.000000
0.000000
0.000000
0.000000
0.000000
0.000000
0.000000
0.000000
0.000000
0.000000
0.000000
0.000000
0.000000
0.000000
0.000000
0.000000
0.000000
0.000000
0.000000
0.000000
0.000004
0.000012
0.000034
0.000082
0.000196
0.000431
0.000879
0.001682
0.003041
0.005223
0.008553
0.013648
0.020817
0.030256
0.041948
0.055514
0.070134
0.084561
0.097531
0.107631
0.111706
0.109842
0.102035
0.085726
0.064151
0.044129
0.027207
0.014900
0.007178
0.002960
0.001004
0.000284
0.000066
0.000012
0.000002
0.000000
0.000000
0.000000
0.000000
0.000000
0.000000
0.000000
0.000000
0.000000
0.000000
0.000000
0.000000
0.000000
0.000000
0.000000
0.000000
0.000000
0.000000
0.000000
0.000000
0.000000
0.000000
0.000000
0.000000
0.000000
0.000000
0.000000
0.000000
0.000000
0.000000
0.000000
0.000000
0.000000
0.000000
0.000000
0.000000
0.000000
0.000000
0.000000
0.000000
0.000000
0.000000
0.000000
0.000000
0.000000
0.000000
0.000000
0.000000
0.000000
0.000000
0.000000
0.000000
0.000000
0.000000
0.000000
0.000000
0.000000
0.000000
0.000000
0.000000
0.000000
0.000000
0.000000
0.000000
0.000000
0.000002
0.000007
0.000021
0.000051
0.000122
0.000272
0.000562
0.001089
0.001997
0.003487
0.005816
0.009494
0.014854
0.022197
0.031725
0.043399
0.056842
0.071273
0.085876
0.099979
0.109359
0.113786
0.112471
0.102730
0.084878
0.064649
0.044605
0.027646
0.015255
0.007319
0.002947
0.001005
0.000286
0.000067
0.000013
0.000002
0.000000
0.000000
0.000000
0.000000
0.000000
0.000000
0.000000
0.000000
0.000000
0.000000
0.000000
0.000000
0.000000
0.000000
0.000000
0.000000
0.000000
0.000000
0.000000
0.000000
0.000000
0.000000
0.000000
0.000000
0.000000
0.000000
0.000000
0.000000
0.000000
0.000000
0.000000
0.000000
0.000000
0.000000
0.000000
0.000000
0.000000
0.000000
0.000000
0.000000
0.000000
0.000000
0.000000
0.000000
0.000000
0.000000
0.000000
0.000000
0.000000
0.000000
0.000000
0.000000
0.000000
0.000000
0.000000
0.000000
0.000000
0.000000
0.000000
0.000000
0.000000
0.000000
0.000000
0.000000
0.000001
0.000004
0.000013
0.000031
0.000076
0.000171
0.000357
0.000700
0.001300
0.002302
0.003901
0.006495
0.010392
0.015916
0.023367
0.032917
0.044513
0.057790
0.072387
0.088367
0.101241
0.110724
0.115620
0.113720
0.102594
0.085586
0.065307
0.045237
0.028210
0.015519
0.007303
0.002954
0.001014
0.000291
0.000069
0.000013
0.000002
0.000000
0.000000
0.000000
0.000000
0.000000
0.000000
0.000000
0.000000
0.000000
0.000000
0.000000
0.000000
0.000000
0.000000
0.000000
0.000000
0.000000
0.000000
0.000000
0.000000
0.000000
0.000000
0.000000
0.000000
0.000000
0.000000
0.000000
0.000000
0.000000
0.000000
0.000000
0.000000
0.000000
0.000000
0.000000
0.000000
0.000000
0.000000
0.000000
0.000000
0.000000
0.000000
0.000000
0.000000
0.000000
0.000000
0.000000
0.000000
0.000000
0.000000
0.000000
0.000000
0.000000
0.000000
0.000000
0.000000
0.000000
0.000000
0.000000
0.000000
0.000000
0.000000
0.000000
0.000001
0.000003
0.000008
0.000019
0.000048
0.000108
0.000226
0.000447
0.000840
0.001505
0.002586
0.004382
0.007151
0.011191
0.016824
0.024323
0.033836
0.045304
0.058734
0.074772
0.089230
0.101964
0.111753
0.117343
0.114437
0.103517
0.086419
0.066122
0.046021
0.028637
0.015512
0.007328
0.002981
0.001030
0.000298
0.000071
0.000014
0.000002
0.000000
0.000000
0.000000
0.000000
0.000000
0.000000
0.000000
0.000000
0.000000
0.000000
0.000000
0.000000
0.000000
0.000000
0.000000
0.000000
0.000000
0.000000
0.000000
0.000000
0.000000
0.000000
0.000000
0.000000
0.000000
0.000000
0.000000
0.000000
0.000000
0.000000
0.000000
0.000000
0.000000
0.000000
0.000000
0.000000
0.000000
0.000000
0.000000
0.000000
0.000000
0.000000
0.000000
0.000000
0.000000
0.000000
0.000000
0.000000
0.000000
0.000000
0.000000
0.000000
0.000000
0.000000
0.000000
0.000000
0.000000
0.000000
0.000000
0.000000
0.000000
0.000000
0.000001
0.000002
0.000005
0.000012
0.000030
0.000068
0.000143
0.000285
0.000540
0.000977
0.001699
0.002923
0.004852
0.007740
0.011881
0.017573
0.025066
0.034491
0.046099
0.060902
0.075325
0.089455
0.102306
0.113793
0.118877
0.115549
0.104497
0.087376
0.067091
0.046627
0.028665
0.015575
0.007392
0.003025
0.001053
0.000307
0.000074
0.000014
0.000002
0.000000
0.000000
0.000000
0.000000
0.000000
0.000000
0.000000
0.000000
0.000000
0.000000
0.000000
0.000000
0.000000
0.000000
0.000000
0.000000
0.000000
0.000000
0.000000
0.000000
0.000000
0.000000
0.000000
0.000000
0.000000
0.000000
0.000000
0.000000
0.000000
0.000000
0.000000
0.000000
0.000000
0.000000
0.000000
0.000000
0.000000
0.000000
0.000000
0.000000
0.000000
0.000000
0.000000
0.000000
0.000000
0.000000
0.000000
0.000000
0.000000
0.000000
0.000000
0.000000
0.000000
0.000000
0.000000
0.000000
0.000000
0.000000
0.000000
0.000000
0.000000
0.000000
0.000001
0.000003
0.000008
0.000019
0.000042
0.000090
0.000181
0.000346
0.000631
0.001108
0.001931
0.003255
0.005279
0.008253
0.012456
0.018163
0.025603
0.035154
0.047984
0.061235
0.075216
0.089294
0.104476
0.115964
0.120126
0.116631
0.105536
0.088454
0.067856
0.046725
0.028792
0.015704
0.007493
0.003088
0.001084
0.000319
0.000076
0.000014
0.000002
0.000000
0.000000
0.000000
0.000000
0.000000
0.000000
0.000000
0.000000
0.000000
0.000000
0.000000
0.000000
0.000000
0.000000
0.000000
0.000000
0.000000
0.000000
0.000000
0.000000
0.000000
0.000000
0.000000
0.000000
0.000000
0.000000
0.000000
0.000000
0.000000
0.000000
0.000000
0.000000
0.000000
0.000000
0.000000
0.000000
0.000000
0.000000
0.000000
0.000000
0.000000
0.000000
0.000000
0.000000
0.000000
0.000000
0.000000
0.000000
0.000000
0.000000
0.000000
0.000000
0.000000
0.000000
0.000000
0.000000
0.000000
0.000000
0.000000
0.000000
0.000000
0.000001
0.000002
0.000005
0.000012
0.000027
0.000057
0.000115
0.000221
0.000406
0.000718
0.001266
0.002163
0.003559
0.005654
0.008686
0.012915
0.018596
0.026149
0.036730
0.048173
0.060938
0.074746
0.091421
0.107023
0.117279
0.121255
0.117686
0.106632
0.089330
0.068068
0.046945
0.029015
0.015898
0.007632
0.003169
0.001122
0.000330
0.000076
0.000012
0.000001
0.000000
0.000000
0.000000
0.000000
0.000000
0.000000
0.000000
0.000000
0.000000
0.000000
0.000000
0.000000
0.000000
0.000000
0.000000
0.000000
0.000000
0.000000
0.000000
0.000000
0.000000
0.000000
0.000000
0.000000
0.000000
0.000000
0.000000
0.000000
0.000000
0.000000
0.000000
0.000000
0.000000
0.000000
0.000000
0.000000
0.000000
0.000000
0.000000
0.000000
0.000000
0.000000
0.000000
0.000000
0.000000
0.000000
0.000000
0.000000
0.000000
0.000000
0.000000
0.000000
0.000000
0.000000
0.000000
0.000000
0.000000
0.000000
0.000000
0.000000
0.000000
0.000001
0.000003
0.000007
0.000017
0.000036
0.000073
0.000141
0.000260
0.000464
0.000826
0.001426
0.002377
0.003830
0.005975
0.009037
0.013259
0.019038
0.027423
0.036831
0.047800
0.060325
0.076698
0.094075
0.108329
0.118399
0.122271
0.118717
0.107550
0.089686
0.068400
0.047281
0.029332
0.016155
0.007807
0.003268
0.001159
0.000329
0.000067
0.000010
0.000001
0.000000
0.000000
0.000000
0.000000
0.000000
0.000000
0.000000
0.000000
0.000000
0.000000
0.000000
0.000000
0.000000
0.000000
0.000000
0.000000
0.000000
0.000000
0.000000
0.000000
0.000000
0.000000
0.000000
0.000000
0.000000
0.000000
0.000000
0.000000
0.000000
0.000000
0.000000
0.000000
0.000000
0.000000
0.000000
0.000000
0.000000
0.000000
0.000000
0.000000
0.000000
0.000000
0.000000
0.000000
0.000000
0.000000
0.000000
0.000000
0.000000
0.000000
0.000000
0.000000
0.000000
0.000000
0.000000
0.000000
0.000000
0.000000
0.000000
0.000000
0.000001
0.000002
0.000005
0.000011
0.000023
0.000046
0.000090
0.000167
0.000299
0.000536
0.000935
0.001575
0.002570
0.004064
0.006239
0.009305
0.013609
0.020039
0.027473
0.036456
0.047163
0.062022
0.079238
0.095306
0.109391
0.119333
0.123178
0.119612
0.108062
0.090135
0.068849
0.047730
0.029738
0.016474
0.008019
0.003369
0.001160
0.000298
0.000060
0.000009
0.000001
0.000000
0.000000
0.000000
0.000000
0.000000
0.000000
0.000000
0.000000
0.000000
0.000000
0.000000
0.000000
0.000000
0.000000
0.000000
0.000000
0.000000
0.000000
0.000000
0.000000
0.000000
0.000000
0.000000
0.000000
0.000000
0.000000
0.000000
0.000000
0.000000
0.000000
0.000000
0.000000
0.000000
0.000000
0.000000
0.000000
0.000000
0.000000
0.000000
0.000000
0.000000
0.000000
0.000000
0.000000
0.000000
0.000000
0.000000
0.000000
0.000000
0.000000
0.000000
0.000000
0.000000
0.000000
0.000000
0.000000
0.000000
0.000000
0.000000
0.000000
0.000001
0.000003
0.000007
0.000014
0.000029
0.000057
0.000107
0.000192
0.000347
0.000610
0.001038
0.001711
0.002738
0.004259
0.006444
0.009578
0.014376
0.020063
0.027138
0.035870
0.048572
0.064296
0.080345
0.096272
0.110219
0.120090
0.123998
0.120265
0.108616
0.090676
0.069410
0.048287
0.030232
0.016854
0.008247
0.003384
0.001073
0.000272
0.000054
0.000008
0.000001
0.000000
0.000000
0.000000
0.000000
0.000000
0.000000
0.000000
0.000000
0.000000
0.000000
0.000000
0.000000
0.000000
0.000000
0.000000
0.000000
0.000000
0.000000
0.000000
0.000000
0.000000
0.000000
0.000000
0.000000
0.000000
0.000000
0.000000
0.000000
0.000000
0.000000
0.000000
0.000000
0.000000
0.000000
0.000000
0.000000
0.000000
0.000000
0.000000
0.000000
0.000000
0.000000
0.000000
0.000000
0.000000
0.000000
0.000000
0.000000
0.000000
0.000000
0.000000
0.000000
0.000000
0.000000
0.000000
0.000000
0.000000
0.000000
0.000000
0.000001
0.000002
0.000004
0.000009
0.000019
0.000036
0.000068
0.000123
0.000224
0.000397
0.000681
0.001133
0.001831
0.002880
0.004414
0.006653
0.010154
0.014388
0.019784
0.026638
0.036995
0.050502
0.065250
0.081189
0.096982
0.110822
0.120802
0.124753
0.120892
0.109210
0.091304
0.070080
0.048949
0.030813
0.017286
0.008303
0.003180
0.000997
0.000249
0.000048
0.000007
0.000001
0.000000
0.000000
0.000000
0.000000
0.000000
0.000000
0.000000
0.000000
0.000000
0.000000
0.000000
0.000000
0.000000
0.000000
0.000000
0.000000
0.000000
0.000000
0.000000
0.000000
0.000000
0.000000
0.000000
0.000000
0.000000
0.000000
0.000000
0.000000
0.000000
0.000000
0.000000
0.000000
0.000000
0.000000
0.000000
0.000000
0.000000
0.000000
0.000000
0.000000
0.000000
0.000000
0.000000
0.000000
0.000000
0.000000
0.000000
0.000000
0.000000
0.000000
0.000000
0.000000
0.000000
0.000000
0.000000
0.000000
0.000000
0.000000
0.000000
0.000001
0.000003
0.000006
0.000012
0.000023
0.000044
0.000079
0.000145
0.000258
0.000445
0.000746
0.001217
0.001934
0.002995
0.004571
0.007077
0.010160
0.014168
0.019381
0.027509
0.038564
0.051294
0.065963
0.081781
0.097447
0.111416
0.121605
0.125414
0.121496
0.109843
0.092014
0.070851
0.049711
0.031505
0.017422
0.007908
0.002999
0.000929
0.000229
0.000044
0.000006
0.000001
0.000000
0.000000
0.000000
0.000000
0.000000
0.000000
0.000000
0.000000
0.000000
0.000000
0.000000
0.000000
0.000000
0.000000
0.000000
0.000000
0.000000
0.000000
0.000000
0.000000
0.000000
0.000000
0.000000
0.000000
0.000000
0.000000
0.000000
0.000000
0.000000
0.000000
0.000000
0.000000
0.000000
0.000000
0.000000
0.000000
0.000000
0.000000
0.000000
0.000000
0.000000
0.000000
0.000000
0.000000
0.000000
0.000000
0.000000
0.000000
0.000000
0.000000
0.000000
0.000000
0.000000
0.000000
0.000000
0.000000
0.000000
0.000000
0.000001
0.000002
0.000004
0.000008
0.000015
0.000028
0.000051
0.000093
0.000167
0.000290
0.000490
0.000805
0.001290
0.002018
0.003112
0.004879
0.007081
0.009993
0.013857
0.020036
0.028737
0.039199
0.051877
0.066444
0.082131
0.097924
0.112211
0.122258
0.125985
0.122076
0.110511
0.092800
0.071719
0.050663
0.031767
0.016781
0.007553
0.002838
0.000870
0.000212
0.000040
0.000006
0.000001
0.000000
0.000000
0.000000
0.000000
0.000000
0.000000
0.000000
0.000000
0.000000
0.000000
0.000000
0.000000
0.000000
0.000000
0.000000
0.000000
0.000000
0.000000
0.000000
0.000000
0.000000
0.000000
0.000000
0.000000
0.000000
0.000000
0.000000
0.000000
0.000000
0.000000
0.000000
0.000000
0.000000
0.000000
0.000000
0.000000
0.000000
0.000000
0.000000
0.000000
0.000000
0.000000
0.000000
0.000000
0.000000
0.000000
0.000000
0.000000
0.000000
0.000000
0.000000
0.000000
0.000000
0.000000
0.000000
0.000000
0.000000
0.000000
0.000001
0.000002
0.000005
0.000010
0.000018
0.000033
0.000060
0.000108
0.000189
0.000321
0.000531
0.000857
0.001352
0.002104
0.003333
0.004882
0.006959
0.009760
0.014338
0.020969
0.029233
0.039662
0.052258
0.066701
0.082502
0.098665
0.112819
0.122767
0.126471
0.122632
0.111209
0.093657
0.072851
0.051078
0.030889
0.016200
0.007234
0.002694
0.000818
0.000197
0.000037
0.000005
0.000001
0.000000
0.000000
0.000000
0.000000
0.000000
0.000000
0.000000
0.000000
0.000000
0.000000
0.000000
0.000000
0.000000
0.000000
0.000000
0.000000
0.000000
0.000000
0.000000
0.000000
0.000000
0.000000
0.000000
0.000000
0.000000
0.000000
0.000000
0.000000
0.000000
0.000000
0.000000
0.000000
0.000000
0.000000
0.000000
0.000000
0.000000
0.000000
0.000000
0.000000
0.000000
0.000000
0.000000
0.000000
0.000000
0.000000
0.000000
0.000000
0.000000
0.000000
0.000000
0.000000
0.000000
0.000000
0.000000
0.000000
0.000000
0.000001
0.000002
0.000003
0.000006
0.000012
0.000021
0.000039
0.000070
0.000123
0.000210
0.000350
0.000568
0.000901
0.001414
0.002260
0.003336
0.004795
0.006790
0.010107
0.015028
0.021345
0.029590
0.039958
0.052445
0.066983
0.083156
0.099203
0.113248
0.123138
0.126871
0.123159
0.111931
0.094820
0.073404
0.050058
0.030086
0.015673
0.006947
0.002566
0.000771
0.000184
0.000034
0.000005
0.000000
0.000000
0.000000
0.000000
0.000000
0.000000
0.000000
0.000000
0.000000
0.000000
0.000000
0.000000
0.000000
0.000000
0.000000
0.000000
0.000000
0.000000
0.000000
0.000000
0.000000
0.000000
0.000000
0.000000
0.000000
0.000000
0.000000
0.000000
0.000000
0.000000
0.000000
0.000000
0.000000
0.000000
0.000000
0.000000
0.000000
0.000000
0.000000
0.000000
0.000000
0.000000
0.000000
0.000000
0.000000
0.000000
0.000000
0.000000
0.000000
0.000000
0.000000
0.000000
0.000000
0.000000
0.000000
0.000000
0.000000
0.000000
0.000001
0.000002
0.000004
0.000008
0.000014
0.000025
0.000046
0.000080
0.000138
0.000230
0.000375
0.000599
0.000946
0.001523
0.002263
0.003274
0.004674
0.007035
0.010606
0.015307
0.021616
0.029815
0.040092
0.052654
0.067533
0.083609
0.099545
0.113503
0.123374
0.127187
0.123655
0.112953
0.095451
0.072411
0.049118
0.029352
0.015197
0.006690
0.002451
0.000730
0.000172
0.000031
0.000004
0.000000
0.000000
0.000000
0.000000
0.000000
0.000000
0.000000
0.000000
0.000000
0.000000
0.000000
0.000000
0.000000
0.000000
0.000000
0.000000
0.000000
0.000000
0.000000
0.000000
0.000000
0.000000
0.000000
0.000000
0.000000
0.000000
0.000000
0.000000
0.000000
0.000000
0.000000
0.000000
0.000000
0.000000
0.000000
0.000000
0.000000
0.000000
0.000000
0.000000
0.000000
0.000000
0.000000
0.000000
0.000000
0.000000
0.000000
0.000000
0.000000
0.000000
0.000000
0.000000
0.000000
0.000000
0.000000
0.000000
0.000000
0.000001
0.000001
0.000003
0.000005
0.000009
0.000016
0.000030
0.000052
0.000090
0.000151
0.000247
0.000397
0.000631
0.001022
0.001526
0.002220
0.003190
0.004845
0.007390
0.010810
0.015507
0.021782
0.029910
0.040243
0.053098
0.067899
0.083869
0.099699
0.113592
0.123478
0.127416
0.124387
0.113570
0.094670
0.071485
0.048253
0.028684
0.014766
0.006458
0.002349
0.000693
0.000162
0.000029
0.000004
0.000000
0.000000
0.000000
0.000000
0.000000
0.000000
0.000000
0.000000
0.000000
0.000000
0.000000
0.000000
0.000000
0.000000
0.000000
0.000000
0.000000
0.000000
0.000000
0.000000
0.000000
0.000000
0.000000
0.000000
0.000000
0.000000
0.000000
0.000000
0.000000
0.000000
0.000000
0.000000
0.000000
0.000000
0.000000
0.000000
0.000000
0.000000
0.000000
0.000000
0.000000
0.000000
0.000000
0.000000
0.000000
0.000000
0.000000
0.000000
0.000000
0.000000
0.000000
0.000000
0.000000
0.000000
0.000000
0.000000
0.000000
0.000001
0.000002
0.000003
0.000006
0.000011
0.000019
0.000034
0.000059
0.000099
0.000163
0.000263
0.000420
0.000684
0.001025
0.001497
0.002162
0.003308
0.005093
0.007535
0.010955
0.015629
0.021849
0.030018
0.040588
0.053382
0.068087
0.083944
0.099674
0.113519
0.123453
0.127775
0.124894
0.113138
0.093926
0.070623
0.047458
0.028076
0.014376
0.006250
0.002257
0.000661
0.000152
0.000027
0.000003
0.000000
0.000000
0.000000
0.000000
0.000000
0.000000
0.000000
0.000000
0.000000
0.000000
0.000000
0.000000
0.000000
0.000000
0.000000
0.000000
0.000000
0.000000
0.000000
0.000000
0.000000
0.000000
0.000000
0.000000
0.000000
0.000000
0.000000
0.000000
0.000000
0.000000
0.000000
0.000000
0.000000
0.000000
0.000000
0.000000
0.000000
0.000000
0.000000
0.000000
0.000000
0.000000
0.000000
0.000000
0.000000
0.000000
0.000000
0.000000
0.000000
0.000000
0.000000
0.000000
0.000000
0.000000
0.000000
0.000000
0.000001
0.000001
0.000002
0.000004
0.000007
0.000013
0.000022
0.000039
0.000065
0.000108
0.000174
0.000279
0.000456
0.000686
0.001005
0.001457
0.002242
0.003479
0.005196
0.007639
0.011042
0.015676
0.021924
0.030277
0.040800
0.053511
0.068105
0.083842
0.099475
0.113290
0.123431
0.128099
0.124859
0.112700
0.093218
0.069823
0.046730
0.027523
0.014024
0.006062
0.002175
0.000632
0.000144
0.000025
0.000003
0.000000
0.000000
0.000000
0.000000
0.000000
0.000000
0.000000
0.000000
0.000000
0.000000
0.000000
0.000000
0.000000
0.000000
0.000000
0.000000
0.000000
0.000000
0.000000
0.000000
0.000000
0.000000
0.000000
0.000000
0.000000
0.000000
0.000000
0.000000
0.000000
0.000000
0.000000
0.000000
0.000000
0.000000
0.000000
0.000000
0.000000
0.000000
0.000000
0.000000
0.000000
0.000000
0.000000
0.000000
0.000000
0.000000
0.000000
0.000000
0.000000
0.000000
0.000000
0.000000
0.000000
0.000000
0.000000
0.000000
0.000001
0.000001
0.000002
0.000005
0.000008
0.000015
0.000025
0.000043
0.000071
0.000115
0.000185
0.000304
0.000458
0.000673
0.000978
0.001512
0.002360
0.003551
0.005269
0.007701
0.011074
0.015727
0.022114
0.030430
0.040884
0.053493
0.067961
0.083570
0.099109
0.112943
0.123540
0.128421
0.124775
0.112262
0.092548
0.069081
0.046063
0.027021
0.013706
0.005894
0.002101
0.000605
0.000137
0.000024
0.000003
0.000000
0.000000
0.000000
0.000000
0.000000
0.000000
0.000000
0.000000
0.000000
0.000000
0.000000
0.000000
0.000000
0.000000
0.000000
0.000000
0.000000
0.000000
0.000000
0.000000
0.000000
0.000000
0.000000
0.000000
0.000000
0.000000
0.000000
0.000000
0.000000
0.000000
0.000000
0.000000
0.000000
0.000000
0.000000
0.000000
0.000000
0.000000
0.000000
0.000000
0.000000
0.000000
0.000000
0.000000
0.000000
0.000000
0.000000
0.000000
0.000000
0.000000
0.000000
0.000000
0.000000
0.000000
0.000000
0.000000
0.000001
0.000002
0.000003
0.000005
0.000010
0.000017
0.000028
0.000047
0.000076
0.000123
0.000202
0.000305
0.000449
0.000655
0.001015
0.001591
0.002409
0.003601
0.005312
0.007722
0.011109
0.015861
0.022221
0.030481
0.040847
0.053335
0.067663
0.083137
0.098532
0.112847
0.124115
0.128653
0.124646
0.111824
0.091914
0.068395
0.045454
0.026566
0.013419
0.005742
0.002035
0.000582
0.000130
0.000022
0.000003
0.000000
0.000000
0.000000
0.000000
0.000000
0.000000
0.000000
0.000000
0.000000
0.000000
0.000000
0.000000
0.000000
0.000000
0.000000
0.000000
0.000000
0.000000
0.000000
0.000000
0.000000
0.000000
0.000000
0.000000
0.000000
0.000000
0.000000
0.000000
0.000000
0.000000
0.000000
0.000000
0.000000
0.000000
0.000000
0.000000
0.000000
0.000000
0.000000
0.000000
0.000000
0.000000
0.000000
0.000000
0.000000
0.000000
0.000000
0.000000
0.000000
0.000000
0.000000
0.000000
0.000000
0.000000
0.000000
0.000001
0.000001
0.000002
0.000004
0.000006
0.000011
0.000019
0.000031
0.000051
0.000082
0.000135
0.000203
0.000300
0.000437
0.000679
0.001068
0.001625
0.002443
0.003631
0.005326
0.007745
0.011202
0.015934
0.022249
0.030435
0.040692
0.053043
0.067218
0.082432
0.098269
0.113550
0.124572
0.128803
0.124478
0.111388
0.091316
0.067762
0.044898
0.026154
0.013160
0.005606
0.001976
0.000561
0.000125
0.000021
0.000003
0.000000
0.000000
0.000000
0.000000
0.000000
0.000000
0.000000
0.000000
0.000000
0.000000
0.000000
0.000000
0.000000
0.000000
0.000000
0.000000
0.000000
0.000000
0.000000
0.000000
0.000000
0.000000
0.000000
0.000000
0.000000
0.000000
0.000000
0.000000
0.000000
0.000000
0.000000
0.000000
0.000000
0.000000
0.000000
0.000000
0.000000
0.000000
0.000000
0.000000
0.000000
0.000000
0.000000
0.000000
0.000000
0.000000
0.000000
0.000000
0.000000
0.000000
0.000000
0.000000
0.000000
0.000000
0.000000
0.000001
0.000001
0.000002
0.000004
0.000007
0.000012
0.000021
0.000034
0.000054
0.000090
0.000136
0.000200
0.000292
0.000453
0.000715
0.001091
0.001648
0.002464
0.003641
0.005341
0.007808
0.011250
0.015947
0.022202
0.030296
0.040428
0.052625
0.066476
0.082058
0.098987
0.114118
0.124916
0.128873
0.124271
0.110954
0.090750
0.067177
0.044392
0.025781
0.012927
0.005484
0.001922
0.000542
0.000119
0.000020
0.000002
0.000000
0.000000
0.000000
0.000000
0.000000
0.000000
0.000000
0.000000
0.000000
0.000000
0.000000
0.000000
0.000000
0.000000
0.000000
0.000000
0.000000
0.000000
0.000000
0.000000
0.000000
0.000000
0.000000
0.000000
0.000000
0.000000
0.000000
0.000000
0.000000
0.000000
0.000000
0.000000
0.000000
0.000000
0.000000
0.000000
0.000000
0.000000
0.000000
0.000000
0.000000
0.000000
0.000000
0.000000
0.000000
0.000000
0.000000
0.000000
0.000000
0.000000
0.000000
0.000000
0.000000
0.000000
0.000000
0.000001
0.000002
0.000003
0.000005
0.000008
0.000014
0.000022
0.000036
0.000060
0.000090
0.000133
0.000194
0.000302
0.000477
0.000730
0.001107
0.001662
0.002470
0.003650
0.005383
0.007838
0.011254
0.015904
0.022083
0.030070
0.040061
0.051914
0.066048
0.082710
0.099568
0.114559
0.125153
0.128870
0.124029
0.110523
0.090215
0.066637
0.043931
0.025445
0.012718
0.005373
0.001874
0.000525
0.000115
0.000019
0.000002
0.000000
0.000000
0.000000
0.000000
0.000000
0.000000
0.000000
0.000000
0.000000
0.000000
0.000000
0.000000
0.000000
0.000000
0.000000
0.000000
0.000000
0.000000
0.000000
0.000000
0.000000
0.000000
0.000000
0.000000
0.000000
0.000000
0.000000
0.000000
0.000000
0.000000
0.000000
0.000000
0.000000
0.000000
0.000000
0.000000
0.000000
0.000000
0.000000
0.000000
0.000000
0.000000
0.000000
0.000000
0.000000
0.000000
0.000000
0.000000
0.000000
0.000000
0.000000
0.000000
0.000000
0.000000
0.000001
0.000001
0.000002
0.000003
0.000006
0.000009
0.000015
0.000024
0.000040
0.000060
0.000089
0.000130
0.000202
0.000318
0.000487
0.000741
0.001116
0.001666
0.002476
0.003677
0.005401
0.007837
0.011216
0.015806
0.021898
0.029762
0.039424
0.051480
0.066589
0.083232
0.100016
0.114875
0.125288
0.128795
0.123754
0.110093
0.089708
0.066139
0.043512
0.025141
0.012529
0.005274
0.001831
0.000510
0.000110
0.000018
0.000002
0.000000
0.000000
0.000000
0.000000
0.000000
0.000000
0.000000
0.000000
0.000000
0.000000
0.000000
0.000000
0.000000
0.000000
0.000000
0.000000
0.000000
0.000000
0.000000
0.000000
0.000000
0.000000
0.000000
0.000000
0.000000
0.000000
0.000000
0.000000
0.000000
0.000000
0.000000
0.000000
0.000000
0.000000
0.000000
0.000000
0.000000
0.000000
0.000000
0.000000
0.000000
0.000000
0.000000
0.000000
0.000000
0.000000
0.000000
0.000000
0.000000
0.000000
0.000000
0.000000
0.000000
0.000000
0.000001
0.000001
0.000002
0.000004
0.000006
0.000010
0.000016
0.000027
0.000040
0.000059
0.000087
0.000134
0.000212
0.000325
0.000494
0.000747
0.001118
0.001669
0.002493
0.003688
0.005398
0.007806
0.011139
0.015659
0.021649
0.029221
0.039017
0.051897
0.067014
0.083628
0.100336
0.115072
0.125323
0.128652
0.123445
0.109664
0.089226
0.065679
0.043130
0.024867
0.012360
0.005185
0.001792
0.000496
0.000106
0.000016
0.000002
0.000000
0.000000
0.000000
0.000000
0.000000
0.000000
0.000000
0.000000
0.000000
0.000000
0.000000
0.000000
0.000000
0.000000
0.000000
0.000000
0.000000
0.000000
0.000000
0.000000
0.000000
0.000000
0.000000
0.000000
0.000000
0.000000
0.000000
0.000000
0.000000
0.000000
0.000000
0.000000
0.000000
0.000000
0.000000
0.000000
0.000000
0.000000
0.000000
0.000000
0.000000
0.000000
0.000000
0.000000
0.000000
0.000000
0.000000
0.000000
0.000000
0.000000
0.000000
0.000000
0.000000
0.000000
0.000001
0.000001
0.000003
0.000004
0.000007
0.000011
0.000018
0.000027
0.000040
0.000058
0.000090
0.000141
0.000216
0.000330
0.000498
0.000748
0.001120
0.001680
0.002499
0.003683
0.005372
0.007746
0.011025
0.015465
0.021208
0.028861
0.039318
0.052216
0.067327
0.083901
0.100533
0.115154
0.125263
0.128442
0.123103
0.109233
0.088766
0.065252
0.042783
0.024620
0.012207
0.005105
0.001757
0.000482
0.000099
0.000015
0.000001
0.000000
0.000000
0.000000
0.000000
0.000000
0.000000
0.000000
0.000000
0.000000
0.000000
0.000000
0.000000
0.000000
0.000000
0.000000
0.000000
0.000000
0.000000
0.000000
0.000000
0.000000
0.000000
0.000000
0.000000
0.000000
0.000000
0.000000
0.000000
0.000000
0.000000
0.000000
0.000000
0.000000
0.000000
0.000000
0.000000
0.000000
0.000000
0.000000
0.000000
0.000000
0.000000
0.000000
0.000000
0.000000
0.000000
0.000000
0.000000
0.000000
0.000000
0.000000
0.000000
0.000000
0.000001
0.000001
0.000002
0.000003
0.000005
0.000007
0.000012
0.000018
0.000027
0.000039
0.000060
0.000094
0.000144
0.000220
0.000332
0.000499
0.000749
0.001127
0.001683
0.002494
0.003663
0.005327
0.007660
0.010876
0.015116
0.020904
0.029065
0.039539
0.052439
0.067530
0.084057
0.100610
0.115125
0.125111
0.128167
0.122727
0.108798
0.088326
0.064855
0.042467
0.024397
0.012070
0.005033
0.001723
0.000461
0.000093
0.000013
0.000001
0.000000
0.000000
0.000000
0.000000
0.000000
0.000000
0.000000
0.000000
0.000000
0.000000
0.000000
0.000000
0.000000
0.000000
0.000000
0.000000
0.000000
0.000000
0.000000
0.000000
0.000000
0.000000
0.000000
0.000000
0.000000
0.000000
0.000000
0.000000
0.000000
0.000000
0.000000
0.000000
0.000000
0.000000
0.000000
0.000000
0.000000
0.000000
0.000000
0.000000
0.000000
0.000000
0.000000
0.000000
0.000000
0.000000
0.000000
0.000000
0.000000
0.000000
0.000000
0.000000
0.000000
0.000001
0.000001
0.000002
0.000003
0.000005
0.000008
0.000012
0.000018
0.000026
0.000040
0.000063
0.000096
0.000146
0.000221
0.000333
0.000500
0.000753
0.001128
0.001679
0.002479
0.003629
0.005263
0.007549
0.010608
0.014869
0.021034
0.029206
0.039682
0.052569
0.067627
0.084098
0.100571
0.114988
0.124868
0.127828
0.122317
0.108358
0.087900
0.064485
0.042177
0.024196
0.011947
0.004965
0.001673
0.000441
0.000087
0.000012
0.000001
0.000000
0.000000
0.000000
0.000000
0.000000
0.000000
0.000000
0.000000
0.000000
0.000000
0.000000
0.000000
0.000000
0.000000
0.000000
0.000000
0.000000
0.000000
0.000000
0.000000
0.000000
0.000000
0.000000
0.000000
0.000000
0.000000
0.000000
0.000000
0.000000
0.000000
0.000000
0.000000
0.000000
0.000000
0.000000
0.000000
0.000000
0.000000
0.000000
0.000000
0.000000
0.000000
0.000000
0.000000
0.000000
0.000000
0.000000
0.000000
0.000000
0.000000
0.000000
0.000000
0.000000
0.000001
0.000001
0.000002
0.000003
0.000006
0.000008
0.000012
0.000018
0.000027
0.000042
0.000064
0.000097
0.000147
0.000222
0.000333
0.000502
0.000754
0.001124
0.001667
0.002454
0.003583
0.005182
0.007348
0.010414
0.014945
0.021115
0.029286
0.039750
0.052609
0.067622
0.084028
0.100420
0.114746
0.124538
0.127425
0.121872
0.107909
0.087486
0.064137
0.041912
0.024014
0.011836
0.004879
0.001626
0.000422
0.000081
0.000011
0.000001
0.000000
0.000000
0.000000
0.000000
0.000000
0.000000
0.000000
0.000000
0.000000
0.000000
0.000000
0.000000
0.000000
0.000000
0.000000
0.000000
0.000000
0.000000
0.000000
0.000000
0.000000
0.000000
0.000000
0.000000
0.000000
0.000000
0.000000
0.000000
0.000000
0.000000
0.000000
0.000000
0.000000
0.000000
0.000000
0.000000
0.000000
0.000000
0.000000
0.000000
0.000000
0.000000
0.000000
0.000000
0.000000
0.000000
0.000000
0.000000
0.000000
0.000000
0.000000
0.000000
0.000001
0.000001
0.000001
0.000002
0.000004
0.000006
0.000008
0.000012
0.000018
0.000028
0.000043
0.000065
0.000098
0.000147
0.000222
0.000334
0.000502
0.000750
0.001116
0.001649
0.002420
0.003524
0.005033
0.007198
0.010454
0.014986
0.021150
0.029306
0.039744
0.052563
0.067519
0.083852
0.100162
0.114403
0.124122
0.126959
0.121390
0.107448
0.087080
0.063808
0.041667
0.023856
0.011730
0.004798
0.001581
0.000404
0.000076
0.000010
0.000001
0.000000
0.000000
0.000000
0.000000
0.000000
0.000000
0.000000
0.000000
0.000000
0.000000
0.000000
0.000000
0.000000
0.000000
0.000000
0.000000
0.000000
0.000000
0.000000
0.000000
0.000000
0.000000
0.000000
0.000000
0.000000
0.000000
0.000000
0.000000
0.000000
0.000000
0.000000
0.000000
0.000000
0.000000
0.000000
0.000000
0.000000
0.000000
0.000000
0.000000
0.000000
0.000000
0.000000
0.000000
0.000000
0.000000
0.000000
0.000000
0.000000
0.000000
0.000000
0.000000
0.000001
0.000001
0.000002
0.000003
0.000004
0.000006
0.000008
0.000012
0.000019
0.000029
0.000043
0.000066
0.000098
0.000147
0.000222
0.000334
0.000500
0.000744
0.001103
0.001625
0.002378
0.003416
0.004921
0.007216
0.010468
0.014991
0.021139
0.029269
0.039668
0.052433
0.067320
0.083573
0.099798
0.113962
0.123620
0.126429
0.120869
0.106973
0.086679
0.063493
0.041462
0.023777
0.011631
0.004721
0.001539
0.000387
0.000071
0.000009
0.000001
0.000000
0.000000
0.000000
0.000000
0.000000
0.000000
0.000000
0.000000
0.000000
0.000000
0.000000
0.000000
0.000000
0.000000
0.000000
0.000000
0.000000
0.000000
0.000000
0.000000
0.000000
0.000000
0.000000
0.000000
0.000000
0.000000
0.000000
0.000000
0.000000
0.000000
0.000000
0.000000
0.000000
0.000000
0.000000
0.000000
0.000000
0.000000
0.000000
0.000000
0.000000
0.000000
0.000000
0.000000
0.000000
0.000000
0.000000
0.000000
0.000000
0.000000
0.000000
0.000000
0.000001
0.000001
0.000002
0.000003
0.000004
0.000005
0.000008
0.000013
0.000019
0.000029
0.000044
0.000066
0.000098
0.000148
0.000222
0.000332
0.000495
0.000735
0.001085
0.001595
0.002301
0.003333
0.004925
0.007215
0.010457
0.014963
0.021085
0.029178
0.039524
0.052222
0.067030
0.083195
0.099333
0.113423
0.123036
0.125835
0.120307
0.106480
0.086277
0.063231
0.041470
0.023708
0.011538
0.004647
0.001497
0.000370
0.000067
0.000008
0.000001
0.000000
0.000000
0.000000
0.000000
0.000000
0.000000
0.000000
0.000000
0.000000
0.000000
0.000000
0.000000
0.000000
0.000000
0.000000
0.000000
0.000000
0.000000
0.000000
0.000000
0.000000
0.000000
0.000000
0.000000
0.000000
0.000000
0.000000
0.000000
0.000000
0.000000
0.000000
0.000000
0.000000
0.000000
0.000000
0.000000
0.000000
0.000000
0.000000
0.000000
0.000000
0.000000
0.000000
0.000000
0.000000
0.000000
0.000000
0.000000
0.000000
0.000000
0.000000
0.000000
0.000001
0.000001
0.000002
0.000003
0.000004
0.000006
0.000009
0.000013
0.000020
0.000029
0.000044
0.000065
0.000098
0.000147
0.000220
0.000329
0.000488
0.000722
0.001064
0.001540
0.002240
0.003330
0.004916
0.007196
0.010422
0.014904
0.020990
0.029033
0.039316
0.051935
0.066652
0.082722
0.098770
0.112791
0.122369
0.125177
0.119703
0.105965
0.085931
0.063351
0.041486
0.023646
0.011450
0.004576
0.001458
0.000355
0.000063
0.000008
0.000001
0.000000
0.000000
0.000000
0.000000
0.000000
0.000000
0.000000
0.000000
0.000000
0.000000
0.000000
0.000000
0.000000
0.000000
0.000000
0.000000
0.000000
0.000000
0.000000
0.000000
0.000000
0.000000
0.000000
0.000000
0.000000
0.000000
0.000000
0.000000
0.000000
0.000000
0.000000
0.000000
0.000000
0.000000
0.000000
0.000000
0.000000
0.000000
0.000000
0.000000
0.000000
0.000000
0.000000
0.000000
0.000000
0.000000
0.000000
0.000000
0.000000
0.000000
0.000000
0.000001
0.000001
0.000001
0.000002
0.000003
0.000004
0.000006
0.000009
0.000013
0.000020
0.000029
0.000044
0.000065
0.000098
0.000146
0.000218
0.000324
0.000480
0.000708
0.001026
0.001496
0.002234
0.003318
0.004895
0.007160
0.010364
0.014813
0.020855
0.028839
0.039046
0.051575
0.066190
0.082156
0.098113
0.112067
0.121620
0.124453
0.119053
0.105495
0.086114
0.063472
0.041509
0.023590
0.011367
0.004508
0.001419
0.000340
0.000059
0.000007
0.000000
0.000000
0.000000
0.000000
0.000000
0.000000
0.000000
0.000000
0.000000
0.000000
0.000000
0.000000
0.000000
0.000000
0.000000
0.000000
0.000000
0.000000
0.000000
0.000000
0.000000
0.000000
0.000000
0.000000
0.000000
0.000000
0.000000
0.000000
0.000000
0.000000
0.000000
0.000000
0.000000
0.000000
0.000000
0.000000
0.000000
0.000000
0.000000
0.000000
0.000000
0.000000
0.000000
0.000000
0.000000
0.000000
0.000000
0.000000
0.000000
0.000000
0.000000
0.000000
0.000001
0.000001
0.000001
0.000002
0.000003
0.000004
0.000006
0.000009
0.000013
0.000020
0.000029
0.000044
0.000065
0.000097
0.000145
0.000215
0.000318
0.000469
0.000681
0.000995
0.001490
0.002222
0.003298
0.004862
0.007108
0.010284
0.014694
0.020683
0.028597
0.038717
0.051144
0.065647
0.081503
0.097363
0.111254
0.120790
0.123663
0.118422
0.105620
0.086283
0.063591
0.041535
0.023539
0.011286
0.004441
0.001382
0.000325
0.000055
0.000006
0.000000
0.000000
0.000000
0.000000
0.000000
0.000000
0.000000
0.000000
0.000000
0.000000
0.000000
0.000000
0.000000
0.000000
0.000000
0.000000
0.000000
0.000000
0.000000
0.000000
0.000000
0.000000
0.000000
0.000000
0.000000
0.000000
0.000000
0.000000
0.000000
0.000000
0.000000
0.000000
0.000000
0.000000
0.000000
0.000000
0.000000
0.000000
0.000000
0.000000
0.000000
0.000000
0.000000
0.000000
0.000000
0.000000
0.000000
0.000000
0.000000
0.000000
0.000000
0.000000
0.000001
0.000001
0.000001
0.000002
0.000003
0.000004
0.000006
0.000009
0.000013
0.000020
0.000029
0.000043
0.000065
0.000096
0.000142
0.000210
0.000311
0.000451
0.000659
0.000988
0.001479
0.002205
0.003270
0.004818
0.007041
0.010184
0.014548
0.020475
0.028310
0.038333
0.050647
0.065028
0.080764
0.096524
0.110352
0.119879
0.122857
0.118338
0.105708
0.086434
0.063706
0.041563
0.023490
0.011207
0.004375
0.001345
0.000311
0.000051
0.000005
0.000000
0.000000
0.000000
0.000000
0.000000
0.000000
0.000000
0.000000
0.000000
0.000000
0.000000
0.000000
0.000000
0.000000
0.000000
0.000000
0.000000
0.000000
0.000000
0.000000
0.000000
0.000000
0.000000
0.000000
0.000000
0.000000
0.000000
0.000000
0.000000
0.000000
0.000000
0.000000
0.000000
0.000000
0.000000
0.000000
0.000000
0.000000
0.000000
0.000000
0.000000
0.000000
0.000000
0.000000
0.000000
0.000000
0.000000
0.000000
0.000000
0.000000
0.000000
0.000000
0.000001
0.000001
0.000001
0.000002
0.000003
0.000004
0.000006
0.000009
0.000013
0.000020
0.000029
0.000043
0.000064
0.000094
0.000139
0.000205
0.000298
0.000435
0.000653
0.000979
0.001464
0.002182
0.003234
0.004764
0.006959
0.010064
0.014376
0.020234
0.027981
0.037897
0.050087
0.064336
0.079944
0.095599
0.109364
0.118917
0.122441
0.118188
0.105753
0.086561
0.063811
0.041589
0.023442
0.011129
0.004310
0.001309
0.000297
0.000047
0.000005
0.000000
0.000000
0.000000
0.000000
0.000000
0.000000
0.000000
0.000000
0.000000
0.000000
0.000000
0.000000
0.000000
0.000000
0.000000
0.000000
0.000000
0.000000
0.000000
0.000000
0.000000
0.000000
0.000000
0.000000
0.000000
0.000000
0.000000
0.000000
0.000000
0.000000
0.000000
0.000000
0.000000
0.000000
0.000000
0.000000
0.000000
0.000000
0.000000
0.000000
0.000000
0.000000
0.000000
0.000000
0.000000
0.000000
0.000000
0.000000
0.000000
0.000000
0.000000
0.000000
0.000001
0.000001
0.000001
0.000002
0.000003
0.000004
0.000006
0.000009
0.000013
0.000019
0.000029
0.000042
0.000063
0.000092
0.000136
0.000197
0.000287
0.000431
0.000646
0.000968
0.001446
0.002153
0.003191
0.004699
0.006864
0.009926
0.014180
0.019962
0.027612
0.037411
0.049467
0.063574
0.079046
0.094590
0.108296
0.118124
0.121937
0.117970
0.105750
0.086662
0.063904
0.041611
0.023393
0.011051
0.004245
0.001274
0.000284
0.000044
0.000004
0.000000
0.000000
0.000000
0.000000
0.000000
0.000000
0.000000
0.000000
0.000000
0.000000
0.000000
0.000000
0.000000
0.000000
0.000000
0.000000
0.000000
0.000000
0.000000
0.000000
0.000000
0.000000
0.000000
0.000000
0.000000
0.000000
0.000000
0.000000
0.000000
0.000000
0.000000
0.000000
0.000000
0.000000
0.000000
0.000000
0.000000
0.000000
0.000000
0.000000
0.000000
0.000000
0.000000
0.000000
0.000000
0.000000
0.000000
0.000000
0.000000
0.000000
0.000000
0.000000
0.000001
0.000001
0.000001
0.000002
0.000003
0.000004
0.000006
0.000009
0.000013
0.000019
0.000028
0.000042
0.000061
0.000090
0.000130
0.000189
0.000283
0.000425
0.000637
0.000954
0.001425
0.002121
0.003142
0.004626
0.006756
0.009772
0.013962
0.019661
0.027206
0.036878
0.048790
0.062746
0.078074
0.093482
0.107165
0.117230
0.121343
0.117679
0.105696
0.086732
0.063981
0.041625
0.023341
0.010972
0.004180
0.001238
0.000271
0.000041
0.000004
0.000000
0.000000
0.000000
0.000000
0.000000
0.000000
0.000000
0.000000
0.000000
0.000000
0.000000
0.000000
0.000000
0.000000
0.000000
0.000000
0.000000
0.000000
0.000000
0.000000
0.000000
0.000000
0.000000
0.000000
0.000000
0.000000
0.000000
0.000000
0.000000
0.000000
0.000000
0.000000
0.000000
0.000000
0.000000
0.000000
0.000000
0.000000
0.000000
0.000000
0.000000
0.000000
0.000000
0.000000
0.000000
0.000000
0.000000
0.000000
0.000000
0.000000
0.000000
0.000000
0.000001
0.000001
0.000001
0.000002
0.000003
0.000004
0.000006
0.000009
0.000013
0.000019
0.000028
0.000041
0.000059
0.000086
0.000125
0.000186
0.000279
0.000418
0.000626
0.000937
0.001400
0.002083
0.003086
0.004544
0.006638
0.009602
0.013724
0.019333
0.026766
0.036303
0.048061
0.061855
0.076995
0.092119
0.105933
0.116235
0.120657
0.117311
0.105586
0.086765
0.064038
0.041630
0.023284
0.010891
0.004115
0.001203
0.000258
0.000038
0.000003
0.000000
0.000000
0.000000
0.000000
0.000000
0.000000
0.000000
0.000000
0.000000
0.000000
0.000000
0.000000
0.000000
0.000000
0.000000
0.000000
0.000000
0.000000
0.000000
0.000000
0.000000
0.000000
0.000000
0.000000
0.000000
0.000000
0.000000
0.000000
0.000000
0.000000
0.000000
0.000000
0.000000
0.000000
0.000000
0.000000
0.000000
0.000000
0.000000
0.000000
0.000000
0.000000
0.000000
0.000000
0.000000
0.000000
0.000000
0.000000
0.000000
0.000000
0.000000
0.000000
0.000001
0.000001
0.000001
0.000002
0.000003
0.000004
0.000006
0.000009
0.000013
0.000018
0.000027
0.000039
0.000057
0.000082
0.000122
0.000183
0.000274
0.000410
0.000614
0.000919
0.001372
0.002042
0.003025
0.004454
0.006508
0.009418
0.013467
0.018980
0.026293
0.035687
0.047283
0.060862
0.075530
0.090665
0.104602
0.115137
0.119873
0.116861
0.105414
0.086758
0.064071
0.041621
0.023220
0.010806
0.004048
0.001168
0.000245
0.000035
0.000003
0.000000
0.000000
0.000000
0.000000
0.000000
0.000000
0.000000
0.000000
0.000000
0.000000
0.000000
0.000000
0.000000
0.000000
0.000000
0.000000
0.000000
0.000000
0.000000
0.000000
0.000000
0.000000
0.000000
0.000000
0.000000
0.000000
0.000000
0.000000
0.000000
0.000000
0.000000
0.000000
0.000000
0.000000
0.000000
0.000000
0.000000
0.000000
0.000000
0.000000
0.000000
0.000000
0.000000
0.000000
0.000000
0.000000
0.000000
0.000000
0.000000
0.000000
0.000000
0.000000
0.000001
0.000001
0.000001
0.000002
0.000003
0.000004
0.000006
0.000008
0.000012
0.000018
0.000026
0.000037
0.000054
0.000080
0.000120
0.000179
0.000268
0.000402
0.000601
0.000899
0.001342
0.001997
0.002959
0.004358
0.006370
0.009221
0.013192
0.018605
0.025792
0.035033
0.046412
0.059421
0.073993
0.089123
0.103171
0.113936
0.118991
0.116326
0.105175
0.086704
0.064076
0.041597
0.023148
0.010718
0.003980
0.001132
0.000233
0.000032
0.000003
0.000000
0.000000
0.000000
0.000000
0.000000
0.000000
0.000000
0.000000
0.000000
0.000000
0.000000
0.000000
0.000000
0.000000
0.000000
0.000000
0.000000
0.000000
0.000000
0.000000
0.000000
0.000000
0.000000
0.000000
0.000000
0.000000
0.000000
0.000000
0.000000
0.000000
0.000000
0.000000
0.000000
0.000000
0.000000
0.000000
0.000000
0.000000
0.000000
0.000000
0.000000
0.000000
0.000000
0.000000
0.000000
0.000000
0.000000
0.000000
0.000000
0.000000
0.000000
0.000000
0.000001
0.000001
0.000001
0.000002
0.000003
0.000004
0.000006
0.000008
0.000012
0.000017
0.000025
0.000036
0.000053
0.000079
0.000117
0.000175
0.000262
0.000392
0.000587
0.000877
0.001310
0.001949
0.002889
0.004256
0.006223
0.009013
0.012902
0.018209
0.025263
0.034303
0.045091
0.057928
0.072386
0.087495
0.101642
0.112631
0.118007
0.115700
0.104865
0.086600
0.064048
0.041554
0.023066
0.010624
0.003910
0.001097
0.000221
0.000029
0.000002
0.000000
0.000000
0.000000
0.000000
0.000000
0.000000
0.000000
0.000000
0.000000
0.000000
0.000000
0.000000
0.000000
0.000000
0.000000
0.000000
0.000000
0.000000
0.000000
0.000000
0.000000
0.000000
0.000000
0.000000
0.000000
0.000000
0.000000
0.000000
0.000000
0.000000
0.000000
0.000000
0.000000
0.000000
0.000000
0.000000
0.000000
0.000000
0.000000
0.000000
0.000000
0.000000
0.000000
0.000000
0.000000
0.000000
0.000000
0.000000
0.000000
0.000000
0.000000
0.000000
0.000001
0.000001
0.000001
0.000002
0.000003
0.000004
0.000006
0.000008
0.000012
0.000017
0.000024
0.000035
0.000052
0.000077
0.000114
0.000171
0.000255
0.000382
0.000571
0.000854
0.001275
0.001898
0.002814
0.004148
0.006068
0.008795
0.012599
0.017795
0.024672
0.033158
0.043736
0.056386
0.070714
0.085785
0.100016
0.111220
0.116919
0.114981
0.104479
0.086441
0.063985
0.041489
0.022971
0.010525
0.003838
0.001061
0.000208
0.000027
0.000002
0.000000
0.000000
0.000000
0.000000
0.000000
0.000000
0.000000
0.000000
0.000000
0.000000
0.000000
0.000000
0.000000
0.000000
0.000000
0.000000
0.000000
0.000000
0.000000
0.000000
0.000000
0.000000
0.000000
0.000000
0.000000
0.000000
0.000000
0.000000
0.000000
0.000000
0.000000
0.000000
0.000000
0.000000
0.000000
0.000000
0.000000
0.000000
0.000000
0.000000
0.000000
0.000000
0.000000
0.000000
0.000000
0.000000
0.000000
0.000000
0.000000
0.000000
0.000000
0.000000
0.000001
0.000001
0.000001
0.000002
0.000003
0.000004
0.000005
0.000008
0.000011
0.000016
0.000023
0.000034
0.000050
0.000075
0.000111
0.000166
0.000248
0.000371
0.000555
0.000830
0.001239
0.001845
0.002736
0.004035
0.005907
0.008567
0.012283
0.017332
0.023726
0.031995
0.042352
0.054800
0.068980
0.083995
0.098295
0.109705
0.115724
0.114163
0.104011
0.086221
0.063880
0.041399
0.022863
0.010418
0.003763
0.001024
0.000197
0.000024
0.000002
0.000000
0.000000
0.000000
0.000000
0.000000
0.000000
0.000000
0.000000
0.000000
0.000000
0.000000
0.000000
0.000000
0.000000
0.000000
0.000000
0.000000
0.000000
0.000000
0.000000
0.000000
0.000000
0.000000
0.000000
0.000000
0.000000
0.000000
0.000000
0.000000
0.000000
0.000000
0.000000
0.000000
0.000000
0.000000
0.000000
0.000000
0.000000
0.000000
0.000000
0.000000
0.000000
0.000000
0.000000
0.000000
0.000000
0.000000
0.000000
0.000000
0.000000
0.000000
0.000000
0.000001
0.000001
0.000001
0.000002
0.000003
0.000004
0.000005
0.000007
0.000010
0.000015
0.000022
0.000033
0.000049
0.000072
0.000108
0.000161
0.000240
0.000359
0.000538
0.000804
0.001201
0.001790
0.002656
0.003919
0.005740
0.008332
0.011931
0.016581
0.022774
0.030819
0.040942
0.053174
0.067189
0.082129
0.096481
0.108083
0.114420
0.113242
0.103457
0.085935
0.063730
0.041281
0.022738
0.010304
0.003686
0.000987
0.000185
0.000022
0.000001
0.000000
0.000000
0.000000
0.000000
0.000000
0.000000
0.000000
0.000000
0.000000
0.000000
0.000000
0.000000
0.000000
0.000000
0.000000
0.000000
0.000000
0.000000
0.000000
0.000000
0.000000
0.000000
0.000000
0.000000
0.000000
0.000000
0.000000
0.000000
0.000000
0.000000
0.000000
0.000000
0.000000
0.000000
0.000000
0.000000
0.000000
0.000000
0.000000
0.000000
0.000000
0.000000
0.000000
0.000000
0.000000
0.000000
0.000000
0.000000
0.000000
0.000000
0.000000
0.000000
0.000001
0.000001
0.000001
0.000002
0.000002
0.000004
0.000005
0.000007
0.000010
0.000015
0.000022
0.000032
0.000047
0.000070
0.000104
0.000155
0.000232
0.000347
0.000520
0.000778
0.001163
0.001733
0.002572
0.003799
0.005569
0.008071
0.011355
0.015832
0.021819
0.029632
0.039512
0.051513
0.065344
0.080191
0.094574
0.106356
0.113004
0.112216
0.102811
0.085578
0.063531
0.041132
0.022596
0.010181
0.003605
0.000950
0.000173
0.000018
0.000001
0.000000
0.000000
0.000000
0.000000
0.000000
0.000000
0.000000
0.000000
0.000000
0.000000
0.000000
0.000000
0.000000
0.000000
0.000000
0.000000
0.000000
0.000000
0.000000
0.000000
0.000000
0.000000
0.000000
0.000000
0.000000
0.000000
0.000000
0.000000
0.000000
0.000000
0.000000
0.000000
0.000000
0.000000
0.000000
0.000000
0.000000
0.000000
0.000000
0.000000
0.000000
0.000000
0.000000
0.000000
0.000000
0.000000
0.000000
0.000000
0.000000
0.000000
0.000000
0.000000
0.000001
0.000001
0.000001
0.000002
0.000002
0.000003
0.000005
0.000007
0.000010
0.000014
0.000021
0.000031
0.000046
0.000068
0.000100
0.000150
0.000224
0.000335
0.000502
0.000751
0.001123
0.001674
0.002487
0.003676
0.005379
0.007641
0.010783
0.015085
0.020864
0.028438
0.038064
0.049820
0.063450
0.078182
0.092579
0.104524
0.111476
0.111079
0.102068
0.085145
0.063278
0.040948
0.022434
0.010049
0.003521
0.000912
0.000153
0.000015
0.000001
0.000000
0.000000
0.000000
0.000000
0.000000
0.000000
0.000000
0.000000
0.000000
0.000000
0.000000
0.000000
0.000000
0.000000
0.000000
0.000000
0.000000
0.000000
0.000000
0.000000
0.000000
0.000000
0.000000
0.000000
0.000000
0.000000
0.000000
0.000000
0.000000
0.000000
0.000000
0.000000
0.000000
0.000000
0.000000
0.000000
0.000000
0.000000
0.000000
0.000000
0.000000
0.000000
0.000000
0.000000
0.000000
0.000000
0.000000
0.000000
0.000000
0.000000
0.000000
0.000000
0.000001
0.000001
0.000001
0.000002
0.000002
0.000003
0.000004
0.000006
0.000009
0.000014
0.000020
0.000030
0.000044
0.000065
0.000097
0.000144
0.000215
0.000322
0.000483
0.000723
0.001082
0.001615
0.002401
0.003541
0.005066
0.007218
0.010219
0.014345
0.019911
0.027242
0.036604
0.048102
0.061512
0.076109
0.090496
0.102587
0.109833
0.109829
0.101224
0.084630
0.062966
0.040726
0.022250
0.009906
0.003434
0.000835
0.000130
0.000012
0.000000
0.000000
0.000000
0.000000
0.000000
0.000000
0.000000
0.000000
0.000000
0.000000
0.000000
0.000000
0.000000
0.000000
0.000000
0.000000
0.000000
0.000000
0.000000
0.000000
0.000000
0.000000
0.000000
0.000000
0.000000
0.000000
0.000000
0.000000
0.000000
0.000000
0.000000
0.000000
0.000000
0.000000
0.000000
0.000000
0.000000
0.000000
0.000000
0.000000
0.000000
0.000000
0.000000
0.000000
0.000000
0.000000
0.000000
0.000000
0.000000
0.000000
0.000000
0.000000
0.000000
0.000001
0.000001
0.000001
0.000002
0.000002
0.000003
0.000004
0.000006
0.000009
0.000013
0.000019
0.000028
0.000042
0.000062
0.000093
0.000138
0.000207
0.000310
0.000464
0.000695
0.001041
0.001554
0.002306
0.003317
0.004760
0.006803
0.009664
0.013613
0.018965
0.026046
0.035136
0.046361
0.059534
0.073973
0.088329
0.100546
0.108074
0.108462
0.100274
0.084029
0.062591
0.040463
0.022043
0.009752
0.003229
0.000745
0.000110
0.000009
0.000000
0.000000
0.000000
0.000000
0.000000
0.000000
0.000000
0.000000
0.000000
0.000000
0.000000
0.000000
0.000000
0.000000
0.000000
0.000000
0.000000
0.000000
0.000000
0.000000
0.000000
0.000000
0.000000
0.000000
0.000000
0.000000
0.000000
0.000000
0.000000
0.000000
0.000000
0.000000
0.000000
0.000000
0.000000
0.000000
0.000000
0.000000
0.000000
0.000000
0.000000
0.000000
0.000000
0.000000
0.000000
0.000000
0.000000
0.000000
0.000000
0.000000
0.000000
0.000000
0.000000
0.000001
0.000001
0.000001
0.000002
0.000002
0.000003
0.000004
0.000006
0.000009
0.000013
0.000019
0.000027
0.000040
0.000060
0.000089
0.000132
0.000198
0.000297
0.000445
0.000667
0.000999
0.001489
0.002149
0.003100
0.004463
0.006398
0.009120
0.012892
0.018026
0.024853
0.033663
0.044603
0.057521
0.071781
0.086082
0.098402
0.106198
0.106975
0.099213
0.083337
0.062148
0.040156
0.021810
0.009342
0.002977
0.000660
0.000092
0.000007
0.000000
0.000000
0.000000
0.000000
0.000000
0.000000
0.000000
0.000000
0.000000
0.000000
0.000000
0.000000
0.000000
0.000000
0.000000
0.000000
0.000000
0.000000
0.000000
0.000000
0.000000
0.000000
0.000000
0.000000
0.000000
0.000000
0.000000
0.000000
0.000000
0.000000
0.000000
0.000000
0.000000
0.000000
0.000000
0.000000
0.000000
0.000000
0.000000
0.000000
0.000000
0.000000
0.000000
0.000000
0.000000
0.000000
0.000000
0.000000
0.000000
0.000000
0.000000
0.000000
0.000000
0.000001
0.000001
0.000001
0.000001
0.000002
0.000003
0.000004
0.000006
0.000008
0.000012
0.000018
0.000026
0.000038
0.000057
0.000085
0.000127
0.000189
0.000284
0.000426
0.000639
0.000954
0.001380
0.001998
0.002891
0.004174
0.006004
0.008587
0.012182
0.017099
0.023668
0.032190
0.042831
0.055477
0.069536
0.083756
0.096158
0.104204
0.105364
0.098036
0.082547
0.061634
0.039801
0.021151
0.008816
0.002732
0.000581
0.000076
0.000005
0.000000
0.000000
0.000000
0.000000
0.000000
0.000000
0.000000
0.000000
0.000000
0.000000
0.000000
0.000000
0.000000
0.000000
0.000000
0.000000
0.000000
0.000000
0.000000
0.000000
0.000000
0.000000
0.000000
0.000000
0.000000
0.000000
0.000000
0.000000
0.000000
0.000000
0.000000
0.000000
0.000000
0.000000
0.000000
0.000000
0.000000
0.000000
0.000000
0.000000
0.000000
0.000000
0.000000
0.000000
0.000000
0.000000
0.000000
0.000000
0.000000
0.000000
0.000000
0.000000
0.000000
0.000001
0.000001
0.000001
0.000001
0.000002
0.000003
0.000004
0.000005
0.000008
0.000012
0.000017
0.000025
0.000037
0.000054
0.000081
0.000121
0.000181
0.000271
0.000407
0.000608
0.000880
0.001277
0.001853
0.002689
0.003895
0.005621
0.008067
0.011487
0.016185
0.022493
0.030719
0.041052
0.053408
0.067242
0.081357
0.093814
0.102092
0.103628
0.096739
0.081656
0.061042
0.038891
0.020287
0.008292
0.002494
0.000507
0.000062
0.000005
0.000000
0.000000
0.000000
0.000000
0.000000
0.000000
0.000000
0.000000
0.000000
0.000000
0.000000
0.000000
0.000000
0.000000
0.000000
0.000000
0.000000
0.000000
0.000000
0.000000
0.000000
0.000000
0.000000
0.000000
0.000000
0.000000
0.000000
0.000000
0.000000
0.000000
0.000000
0.000000
0.000000
0.000000
0.000000
0.000000
0.000000
0.000000
0.000000
0.000000
0.000000
0.000000
0.000000
0.000000
0.000000
0.000000
0.000000
0.000000
0.000000
0.000000
0.000000
0.000000
0.000000
0.000000
0.000001
0.000001
0.000001
0.000002
0.000003
0.000004
0.000005
0.000008
0.000011
0.000016
0.000024
0.000035
0.000052
0.000077
0.000115
0.000172
0.000258
0.000386
0.000558
0.000810
0.001178
0.001715
0.002495
0.003626
0.005250
0.007561
0.010807
0.015286
0.021331
0.029256
0.039268
0.051317
0.064904
0.078887
0.091374
0.099863
0.101763
0.095318
0.080657
0.059879
0.037701
0.019406
0.007769
0.002264
0.000439
0.000062
0.000005
0.000000
0.000000
0.000000
0.000000
0.000000
0.000000
0.000000
0.000000
0.000000
0.000000
0.000000
0.000000
0.000000
0.000000
0.000000
0.000000
0.000000
0.000000
0.000000
0.000000
0.000000
0.000000
0.000000
0.000000
0.000000
0.000000
0.000000
0.000000
0.000000
0.000000
0.000000
0.000000
0.000000
0.000000
0.000000
0.000000
0.000000
0.000000
0.000000
0.000000
0.000000
0.000000
0.000000
0.000000
0.000000
0.000000
0.000000
0.000000
0.000000
0.000000
0.000000
0.000000
0.000000
0.000000
0.000001
0.000001
0.000001
0.000002
0.000003
0.000003
0.000005
0.000007
0.000010
0.000015
0.000022
0.000033
0.000049
0.000073
0.000109
0.000163
0.000244
0.000353
0.000511
0.000744
0.001084
0.001583
0.002310
0.003367
0.004892
0.007070
0.010144
0.014405
0.020185
0.027804
0.037485
0.049210
0.062528
0.076351
0.088839
0.097515
0.099768
0.093769
0.079204
0.058414
0.036468
0.018510
0.007249
0.002043
0.000441
0.000065
0.000005
0.000000
0.000000
0.000000
0.000000
0.000000
0.000000
0.000000
0.000000
0.000000
0.000000
0.000000
0.000000
0.000000
0.000000
0.000000
0.000000
0.000000
0.000000
0.000000
0.000000
0.000000
0.000000
0.000000
0.000000
0.000000
0.000000
0.000000
0.000000
0.000000
0.000000
0.000000
0.000000
0.000000
0.000000
0.000000
0.000000
0.000000
0.000000
0.000000
0.000000
0.000000
0.000000
0.000000
0.000000
0.000000
0.000000
0.000000
0.000000
0.000000
0.000000
0.000000
0.000000
0.000000
0.000000
0.000001
0.000001
0.000001
0.000002
0.000002
0.000003
0.000005
0.000007
0.000010
0.000014
0.000021
0.000031
0.000046
0.000069
0.000103
0.000154
0.000222
0.000321
0.000467
0.000681
0.000995
0.001457
0.002133
0.003119
0.004547
0.006596
0.009499
0.013544
0.019058
0.026366
0.035707
0.047093
0.060118
0.073753
0.086213
0.095051
0.097641
0.091974
0.077493
0.056876
0.035191
0.017599
0.006733
0.002063
0.000463
0.000067
0.000005
0.000000
0.000000
0.000000
0.000000
0.000000
0.000000
0.000000
0.000000
0.000000
0.000000
0.000000
0.000000
0.000000
0.000000
0.000000
0.000000
0.000000
0.000000
0.000000
0.000000
0.000000
0.000000
0.000000
0.000000
0.000000
0.000000
0.000000
0.000000
0.000000
0.000000
0.000000
0.000000
0.000000
0.000000
0.000000
0.000000
0.000000
0.000000
0.000000
0.000000
0.000000
0.000000
0.000000
0.000000
0.000000
0.000000
0.000000
0.000000
0.000000
0.000000
0.000000
0.000000
0.000000
0.000000
0.000001
0.000001
0.000001
0.000002
0.000002
0.000003
0.000004
0.000006
0.000009
0.000014
0.000020
0.000029
0.000044
0.000065
0.000097
0.000139
0.000201
0.000292
0.000425
0.000622
0.000911
0.001337
0.001964
0.002881
0.004215
0.006138
0.008874
0.012704
0.017952
0.024946
0.033938
0.044969
0.057680
0.071098
0.083499
0.092471
0.095498
0.090012
0.075685
0.055265
0.033871
0.016674
0.006798
0.002153
0.000482
0.000069
0.000005
0.000000
0.000000
0.000000
0.000000
0.000000
0.000000
0.000000
0.000000
0.000000
0.000000
0.000000
0.000000
0.000000
0.000000
0.000000
0.000000
0.000000
0.000000
0.000000
0.000000
0.000000
0.000000
0.000000
0.000000
0.000000
0.000000
0.000000
0.000000
0.000000
0.000000
0.000000
0.000000
0.000000
0.000000
0.000000
0.000000
0.000000
0.000000
0.000000
0.000000
0.000000
0.000000
0.000000
0.000000
0.000000
0.000000
0.000000
0.000000
0.000000
0.000000
0.000000
0.000000
0.000000
0.000000
0.000001
0.000001
0.000001
0.000002
0.000002
0.000003
0.000004
0.000006
0.000009
0.000013
0.000019
0.000028
0.000041
0.000061
0.000087
0.000126
0.000182
0.000265
0.000386
0.000566
0.000832
0.001225
0.001804
0.002655
0.003898
0.005697
0.008269
0.011887
0.016869
0.023546
0.032181
0.042844
0.055218
0.068392
0.080700
0.090062
0.093295
0.087939
0.073777
0.053579
0.032508
0.016771
0.007028
0.002231
0.000498
0.000070
0.000005
0.000000
0.000000
0.000000
0.000000
0.000000
0.000000
0.000000
0.000000
0.000000
0.000000
0.000000
0.000000
0.000000
0.000000
0.000000
0.000000
0.000000
0.000000
0.000000
0.000000
0.000000
0.000000
0.000000
0.000000
0.000000
0.000000
0.000000
0.000000
0.000000
0.000000
0.000000
0.000000
0.000000
0.000000
0.000000
0.000000
0.000000
0.000000
0.000000
0.000000
0.000000
0.000000
0.000000
0.000000
0.000000
0.000000
0.000000
0.000000
0.000000
0.000000
0.000000
0.000000
0.000000
0.000000
0.000000
0.000001
0.000001
0.000001
0.000002
0.000003
0.000004
0.000006
0.000008
0.000012
0.000018
0.000026
0.000039
0.000055
0.000079
0.000113
0.000164
0.000239
0.000350
0.000514
0.000757
0.001118
0.001653
0.002441
0.003596
0.005275
0.007686
0.011094
0.015812
0.022170
0.030442
0.040722
0.052739
0.065639
0.078189
0.087686
0.090979
0.085752
0.071768
0.051817
0.032488
0.017141
0.007223
0.002296
0.000510
0.000071
0.000005
0.000000
0.000000
0.000000
0.000000
0.000000
0.000000
0.000000
0.000000
0.000000
0.000000
0.000000
0.000000
0.000000
0.000000
0.000000
0.000000
0.000000
0.000000
0.000000
0.000000
0.000000
0.000000
0.000000
0.000000
0.000000
0.000000
0.000000
0.000000
0.000000
0.000000
0.000000
0.000000
0.000000
0.000000
0.000000
0.000000
0.000000
0.000000
0.000000
0.000000
0.000000
0.000000
0.000000
0.000000
0.000000
0.000000
0.000000
0.000000
0.000000
0.000000
0.000000
0.000000
0.000000
0.000000
0.000000
0.000001
0.000001
0.000001
0.000002
0.000003
0.000004
0.000005
0.000008
0.000011
0.000017
0.000024
0.000034
0.000049
0.000070
0.000102
0.000148
0.000215
0.000316
0.000465
0.000688
0.001019
0.001510
0.002237
0.003308
0.004870
0.007124
0.010327
0.014783
0.020821
0.028725
0.038610
0.050248
0.063216
0.075772
0.085210
0.088549
0.083449
0.069656
0.051364
0.032789
0.017426
0.007376
0.002345
0.000516
0.000070
0.000005
0.000000
0.000000
0.000000
0.000000
0.000000
0.000000
0.000000
0.000000
0.000000
0.000000
0.000000
0.000000
0.000000
0.000000
0.000000
0.000000
0.000000
0.000000
0.000000
0.000000
0.000000
0.000000
0.000000
0.000000
0.000000
0.000000
0.000000
0.000000
0.000000
0.000000
0.000000
0.000000
0.000000
0.000000
0.000000
0.000000
0.000000
0.000000
0.000000
0.000000
0.000000
0.000000
0.000000
0.000000
0.000000
0.000000
0.000000
0.000000
0.000000
0.000000
0.000000
0.000000
0.000000
0.000000
0.000000
0.000001
0.000001
0.000001
0.000002
0.000003
0.000004
0.000005
0.000007
0.000010
0.000015
0.000022
0.000031
0.000044
0.000063
0.000091
0.000132
0.000194
0.000285
0.000420
0.000623
0.000925
0.001375
0.002045
0.003034
0.004484
0.006586
0.009586
0.013784
0.019502
0.027032
0.036511
0.048074
0.060918
0.073280
0.082635
0.086005
0.081029
0.068407
0.051159
0.032929
0.017616
0.007484
0.002376
0.000518
0.000069
0.000009
0.000001
0.000000
0.000000
0.000000
0.000000
0.000000
0.000000
0.000000
0.000000
0.000000
0.000000
0.000000
0.000000
0.000000
0.000000
0.000000
0.000000
0.000000
0.000000
0.000000
0.000000
0.000000
0.000000
0.000000
0.000000
0.000000
0.000000
0.000000
0.000000
0.000000
0.000000
0.000000
0.000000
0.000000
0.000000
0.000000
0.000000
0.000000
0.000000
0.000000
0.000000
0.000000
0.000000
0.000000
0.000000
0.000000
0.000000
0.000000
0.000000
0.000000
0.000000
0.000000
0.000000
0.000000
0.000000
0.000001
0.000001
0.000001
0.000002
0.000002
0.000003
0.000005
0.000007
0.000010
0.000014
0.000019
0.000027
0.000039
0.000056
0.000081
0.000118
0.000173
0.000256
0.000378
0.000562
0.000837
0.001249
0.001864
0.002775
0.004117
0.006071
0.008874
0.012815
0.018216
0.025368
0.034687
0.046033
0.058574
0.070715
0.079962
0.083345
0.078781
0.067222
0.050716
0.032899
0.017704
0.007540
0.002386
0.000515
0.000107
0.000017
0.000002
0.000000
0.000000
0.000000
0.000000
0.000000
0.000000
0.000000
0.000000
0.000000
0.000000
0.000000
0.000000
0.000000
0.000000
0.000000
0.000000
0.000000
0.000000
0.000000
0.000000
0.000000
0.000000
0.000000
0.000000
0.000000
0.000000
0.000000
0.000000
0.000000
0.000000
0.000000
0.000000
0.000000
0.000000
0.000000
0.000000
0.000000
0.000000
0.000000
0.000000
0.000000
0.000000
0.000000
0.000000
0.000000
0.000000
0.000000
0.000000
0.000000
0.000000
0.000000
0.000000
0.000000
0.000000
0.000000
0.000001
0.000001
0.000002
0.000002
0.000003
0.000004
0.000006
0.000009
0.000012
0.000017
0.000024
0.000034
0.000050
0.000072
0.000105
0.000155
0.000229
0.000340
0.000506
0.000756
0.001131
0.001693
0.002531
0.003769
0.005580
0.008190
0.011880
0.016964
0.023925
0.032985
0.043973
0.056187
0.068079
0.077192
0.080187
0.076381
0.065760
0.050031
0.032691
0.017682
0.007542
0.002378
0.000726
0.000183
0.000032
0.000003
0.000000
0.000000
0.000000
0.000000
0.000000
0.000000
0.000000
0.000000
0.000000
0.000000
0.000000
0.000000
0.000000
0.000000
0.000000
0.000000
0.000000
0.000000
0.000000
0.000000
0.000000
0.000000
0.000000
0.000000
0.000000
0.000000
0.000000
0.000000
0.000000
0.000000
0.000000
0.000000
0.000000
0.000000
0.000000
0.000000
0.000000
0.000000
0.000000
0.000000
0.000000
0.000000
0.000000
0.000000
0.000000
0.000000
0.000000
0.000000
0.000000
0.000000
0.000000
0.000000
0.000000
0.000000
0.000000
0.000001
0.000001
0.000001
0.000002
0.000003
0.000004
0.000005
0.000008
0.000011
0.000015
0.000021
0.000030
0.000044
0.000064
0.000094
0.000138
0.000204
0.000304
0.000454
0.000680
0.001021
0.001534
0.002300
0.003439
0.005112
0.007535
0.010978
0.015878
0.022585
0.031286
0.041897
0.053761
0.065375
0.073477
0.076722
0.073729
0.064025
0.049101
0.032298
0.017544
0.007492
0.003092
0.001100
0.000300
0.000058
0.000008
0.000001
0.000000
0.000000
0.000000
0.000000
0.000000
0.000000
0.000000
0.000000
0.000000
0.000000
0.000000
0.000000
0.000000
0.000000
0.000000
0.000000
0.000000
0.000000
0.000000
0.000000
0.000000
0.000000
0.000000
0.000000
0.000000
0.000000
0.000000
0.000000
0.000000
0.000000
0.000000
0.000000
0.000000
0.000000
0.000000
0.000000
0.000000
0.000000
0.000000
0.000000
0.000000
0.000000
0.000000
0.000000
0.000000
0.000000
0.000000
0.000000
0.000000
0.000000
0.000000
0.000000
0.000000
0.000000
0.000001
0.000001
0.000001
0.000002
0.000003
0.000004
0.000005
0.000007
0.000009
0.000013
0.000019
0.000027
0.000039
0.000056
0.000083
0.000122
0.000182
0.000271
0.000406
0.000610
0.000919
0.001385
0.002085
0.003128
0.004668
0.006910
0.010197
0.014876
0.021261
0.029592
0.039811
0.051299
0.061564
0.069398
0.073084
0.070836
0.062024
0.047925
0.031714
0.017299
0.009054
0.004209
0.001603
0.000473
0.000111
0.000022
0.000003
0.000000
0.000000
0.000000
0.000000
0.000000
0.000000
0.000000
0.000000
0.000000
0.000000
0.000000
0.000000
0.000000
0.000000
0.000000
0.000000
0.000000
0.000000
0.000000
0.000000
0.000000
0.000000
0.000000
0.000000
0.000000
0.000000
0.000000
0.000000
0.000000
0.000000
0.000000
0.000000
0.000000
0.000000
0.000000
0.000000
0.000000
0.000000
0.000000
0.000000
0.000000
0.000000
0.000000
0.000000
0.000000
0.000000
0.000000
0.000000
0.000000
0.000000
0.000000
0.000000
0.000000
0.000000
0.000001
0.000001
0.000001
0.000002
0.000002
0.000003
0.000004
0.000006
0.000008
0.000011
0.000016
0.000024
0.000034
0.000050
0.000073
0.000108
0.000161
0.000241
0.000362
0.000546
0.000824
0.001246
0.001883
0.002836
0.004249
0.006369
0.009480
0.013895
0.019956
0.027908
0.037717
0.047795
0.057421
0.065257
0.069296
0.067721
0.059766
0.046504
0.030956
0.019585
0.011237
0.005531
0.002248
0.000769
0.000232
0.000052
0.000008
0.000000
0.000000
0.000000
0.000000
0.000000
0.000000
0.000000
0.000000
0.000000
0.000000
0.000000
0.000000
0.000000
0.000000
0.000000
0.000000
0.000000
0.000000
0.000000
0.000000
0.000000
0.000000
0.000000
0.000000
0.000000
0.000000
0.000000
0.000000
0.000000
0.000000
0.000000
0.000000
0.000000
0.000000
0.000000
0.000000
0.000000
0.000000
0.000000
0.000000
0.000000
0.000000
0.000000
0.000000
0.000000
0.000000
0.000000
0.000000
0.000000
0.000000
0.000000
0.000000
0.000000
0.000000
0.000000
0.000001
0.000001
0.000001
0.000002
0.000003
0.000004
0.000005
0.000007
0.000010
0.000014
0.000021
0.000030
0.000044
0.000064
0.000095
0.000142
0.000213
0.000322
0.000486
0.000737
0.001118
0.001694
0.002561
0.003886
0.005875
0.008784
0.012938
0.018671
0.026236
0.034773
0.044042
0.053318
0.061076
0.065380
0.064402
0.057261
0.044861
0.033059
0.022426
0.013501
0.007019
0.003194
0.001323
0.000443
0.000112
0.000000
0.000000
0.000000
0.000000
0.000000
0.000000
0.000000
0.000000
0.000000
0.000000
0.000000
0.000000
0.000000
0.000000
0.000000
0.000000
0.000000
0.000000
0.000000
0.000000
0.000000
0.000000
0.000000
0.000000
0.000000
0.000000
0.000000
0.000000
0.000000
0.000000
0.000000
0.000000
0.000000
0.000000
0.000000
0.000000
0.000000
0.000000
0.000000
0.000000
0.000000
0.000000
0.000000
0.000000
0.000000
0.000000
0.000000
0.000000
0.000000
0.000000
0.000000
0.000000
0.000000
0.000000
0.000000
0.000000
0.000001
0.000001
0.000001
0.000002
0.000002
0.000003
0.000004
0.000006
0.000009
0.000012
0.000018
0.000026
0.000038
0.000056
0.000084
0.000125
0.000188
0.000285
0.000432
0.000656
0.000999
0.001519
0.002325
0.003556
0.005400
0.008113
0.012006
0.017410
0.023940
0.031671
0.040400
0.049275
0.056878
0.061358
0.060897
0.054536
0.045459
0.035265
0.024909
0.015700
0.008901
0.004673
0.002100
0.000773
0.000000
0.000000
0.000000
0.000000
0.000000
0.000000
0.000000
0.000000
0.000000
0.000000
0.000000
0.000000
0.000000
0.000000
0.000000
0.000000
0.000000
0.000000
0.000000
0.000000
0.000000
0.000000
0.000000
0.000000
0.000000
0.000000
0.000000
0.000000
0.000000
0.000000
0.000000
0.000000
0.000000
0.000000
0.000000
0.000000
0.000000
0.000000
0.000000
0.000000
0.000000
0.000000
0.000000
0.000000
0.000000
0.000000
0.000000
0.000000
0.000000
0.000000
0.000000
0.000000
0.000000
0.000000
0.000000
0.000000
0.000000
0.000001
0.000001
0.000001
0.000002
0.000002
0.000003
0.000004
0.000005
0.000008
0.000011
0.000016
0.000023
0.000033
0.000049
0.000073
0.000110
0.000166
0.000251
0.000382
0.000582
0.000889
0.001368
0.002110
0.003242
0.004946
0.007466
0.011101
0.015728
0.021562
0.028713
0.036881
0.045307
0.052684
0.057254
0.057232
0.052709
0.045550
0.036552
0.026825
0.018054
0.011367
0.006368
0.003084
0.000000
0.000000
0.000000
0.000000
0.000000
0.000000
0.000000
0.000000
0.000000
0.000000
0.000000
0.000000
0.000000
0.000000
0.000000
0.000000
0.000000
0.000000
0.000000
0.000000
0.000000
0.000000
0.000000
0.000000
0.000000
0.000000
0.000000
0.000000
0.000000
0.000000
0.000000
0.000000
0.000000
0.000000
0.000000
0.000000
0.000000
0.000000
0.000000
0.000000
0.000000
0.000000
0.000000
0.000000
0.000000
0.000000
0.000000
0.000000
0.000000
0.000000
0.000000
0.000000
0.000000
0.000000
0.000000
0.000000
0.000000
0.000000
0.000000
0.000001
0.000001
0.000001
0.000002
0.000002
0.000003
0.000005
0.000006
0.000009
0.000013
0.000020
0.000029
0.000043
0.000064
0.000096
0.000145
0.000221
0.000336
0.000514
0.000795
0.001232
0.001909
0.002945
0.004513
0.006844
0.009931
0.014014
0.019329
0.025903
0.033494
0.041431
0.048517
0.053087
0.053000
0.049961
0.044405
0.036782
0.028333
0.020547
0.013625
0.008098
0.000000
0.000000
0.000000
0.000000
0.000000
0.000000
0.000000
0.000000
0.000000
0.000000
0.000000
0.000000
0.000000
0.000000
0.000000
0.000000
0.000000
0.000000
0.000000
0.000000
0.000000
0.000000
0.000000
0.000000
0.000000
0.000000
0.000000
0.000000
0.000000
0.000000
0.000000
0.000000
0.000000
0.000000
0.000000
0.000000
0.000000
0.000000
0.000000
0.000000
0.000000
0.000000
0.000000
0.000000
0.000000
0.000000
0.000000
0.000000
0.000000
0.000000
0.000000
0.000000
0.000000
0.000000
0.000000
0.000000
0.000000
0.000000
0.000000
0.000000
0.000001
0.000001
0.000001
0.000002
0.000002
0.000003
0.000004
0.000006
0.000008
0.000012
0.000017
0.000025
0.000037
0.000056
0.000084
0.000127
0.000193
0.000295
0.000456
0.000710
0.001106
0.001720
0.002665
0.004101
0.006065
0.008759
0.012428
0.017240
0.023245
0.030248
0.037662
0.044384
0.047294
0.047813
0.046122
0.042072
0.036062
0.029216
0.022076
0.015334
0.000000
0.000000
0.000000
0.000000
0.000000
0.000000
0.000000
0.000000
0.000000
0.000000
0.000000
0.000000
0.000000
0.000000
0.000000
0.000000
0.000000
0.000000
0.000000
0.000000
0.000000
0.000000
0.000000
0.000000
0.000000
0.000000
0.000000
0.000000
0.000000
0.000000
0.000000
0.000000
0.000000
0.000000
0.000000
0.000000
0.000000
0.000000
0.000000
0.000000
0.000000
0.000000
0.000000
0.000000
0.000000
0.000000
0.000000
0.000000
0.000000
0.000000
0.000000
0.000000
0.000000
0.000000
0.000000
0.000000
0.000000
0.000000
0.000000
0.000000
0.000000
0.000000
0.000001
0.000001
0.000001
0.000002
0.000003
0.000003
0.000005
0.000007
0.000010
0.000015
0.000022
0.000032
0.000048
0.000073
0.000110
0.000168
0.000260
0.000405
0.000632
0.000988
0.001543
0.002401
0.003602
0.005297
0.007688
0.010965
0.015294
0.020740
0.027150
0.033999
0.038176
0.040822
0.042044
0.041415
0.038635
0.034153
0.028570
0.022375
0.000000
0.000000
0.000000
0.000000
0.000000
0.000000
0.000000
0.000000
0.000000
0.000000
0.000000
0.000000
0.000000
0.000000
0.000000
0.000000
0.000000
0.000000
0.000000
0.000000
0.000000
0.000000
0.000000
0.000000
0.000000
0.000000
0.000000
0.000000
0.000000
0.000000
0.000000
0.000000
0.000000
0.000000
0.000000
0.000000
0.000000
0.000000
0.000000
0.000000
0.000000
0.000000
0.000000
0.000000
0.000000
0.000000
0.000000
0.000000
0.000000
0.000000
0.000000
0.000000
0.000000
0.000000
0.000000
0.000000
0.000000
0.000000
0.000000
0.000000
0.000000
0.000000
0.000000
0.000001
0.000001
0.000001
0.000002
0.000002
0.000003
0.000004
0.000006
0.000009
0.000013
0.000019
0.000028
0.000042
0.000063
0.000095
0.000147
0.000229
0.000358
0.000560
0.000879
0.001378
0.002090
0.003117
0.004604
0.006712
0.009620
0.013487
0.018389
0.024195
0.028325
0.031674
0.034368
0.035984
0.035896
0.033989
0.030784
0.026453
0.000000
0.000000
0.000000
0.000000
0.000000
0.000000
0.000000
0.000000
0.000000
0.000000
0.000000
0.000000
0.000000
0.000000
0.000000
0.000000
0.000000
0.000000
0.000000
0.000000
0.000000
0.000000
0.000000
0.000000
0.000000
0.000000
0.000000
0.000000
0.000000
0.000000
0.000000
0.000000
0.000000
0.000000
0.000000
0.000000
0.000000
0.000000
0.000000
0.000000
0.000000
0.000000
0.000000
0.000000
0.000000
0.000000
0.000000
0.000000
0.000000
0.000000
0.000000
0.000000
0.000000
0.000000
0.000000
0.000000
0.000000
0.000000
0.000000
0.000000
0.000000
0.000000
0.000000
0.000000
0.000000
0.000001
0.000001
0.000001
0.000002
0.000003
0.000004
0.000005
0.000007
0.000011
0.000016
0.000024
0.000036
0.000054
0.000083
0.000129
0.000201
0.000315
0.000495
0.000779
0.001189
0.001792
0.002683
0.003979
0.005827
0.008389
0.011818
0.016182
0.019579
0.022681
0.025645
0.028176
0.029632
0.029614
0.028538
0.026347
0.000000
0.000000
0.000000
0.000000
0.000000
0.000000
0.000000
0.000000
0.000000
0.000000
0.000000
0.000000
0.000000
0.000000
0.000000
0.000000
0.000000
0.000000
0.000000
0.000000
0.000000
0.000000
0.000000
0.000000
0.000000
0.000000
0.000000
0.000000
0.000000
0.000000
0.000000
0.000000
0.000000
0.000000
0.000000
0.000000
0.000000
0.000000
0.000000
0.000000
0.000000
0.000000
0.000000
0.000000
0.000000
0.000000
0.000000
0.000000
0.000000
0.000000
0.000000
0.000000
0.000000
0.000000
0.000000
0.000000
0.000000
0.000000
0.000000
0.000000
0.000000
0.000000
0.000000
0.000000
0.000000
0.000000
0.000001
0.000001
0.000001
0.000002
0.000002
0.000003
0.000004
0.000006
0.000009
0.000014
0.000020
0.000030
0.000047
0.000072
0.000112
0.000175
0.000275
0.000434
0.000667
0.001012
0.001529
0.002297
0.003420
0.005027
0.007268
0.010274
0.012753
0.015184
0.017731
0.020227
0.022169
0.023111
0.023371
0.022804
0.000000
0.000000
0.000000
0.000000
0.000000
0.000000
0.000000
0.000000
0.000000
0.000000
0.000000
0.000000
0.000000
0.000000
0.000000
0.000000
0.000000
0.000000
0.000000
0.000000
0.000000
0.000000
0.000000
0.000000
0.000000
0.000000
0.000000
0.000000
0.000000
0.000000
0.000000
0.000000
0.000000
0.000000
0.000000
0.000000
0.000000
0.000000
0.000000
0.000000
0.000000
0.000000
0.000000
0.000000
0.000000
0.000000
0.000000
0.000000
0.000000
0.000000
0.000000
0.000000
0.000000
0.000000
0.000000
0.000000
0.000000
0.000000
0.000000
0.000000
0.000000
0.000000
0.000000
0.000000
0.000000
0.000000
0.000000
0.000000
0.000001
0.000001
0.000001
0.000002
0.000003
0.000004
0.000005
0.000008
0.000011
0.000017
0.000026
0.000040
0.000062
0.000097
0.000152
0.000240
0.000369
0.000562
0.000856
0.001297
0.001955
0.002920
0.004308
0.006245
0.007903
0.009609
0.011501
0.013506
0.015283
0.016461
0.017274
0.017583
